(0, 456, 288, [1, 2, 3, 4, 0], [0, 10, 20, 30, -1], [10, 20, 30, 40, -1])
(1, 610, 3, [1, 2, 3, 4, 0], [0, 10, 20, 30, -1], [10, 20, 30, 40, -1])
(2, 733, 103, [1, 2, 3, 4, 0], [0, 10, 20, 30, -1], [10, 20, 30, 40, -1])
(3, 414, 173, [1, 2, 3, 4, 0], [0, 10, 20, 30, -1], [10, 20, 30, 40, -1])
(4, 639, 85, [1, 2, 3, 4, 0], [0, 10, 20, 30, -1], [10, 20, 30, 40, -1])
(5, 556, 227, [1, 2, 3, 4, 0], [0, 10, 20, 30, -1], [10, 20, 30, 40, -1])
(6, 538, 167, [1, 2, 3, 4, 0], [0, 10, 20, 30, -1], [10, 20, 30, 40, -1])
(7, 429, 205, [1, 2, 3, 4, 0], [0, 10, 20, 30, -1], [10, 20, 30, 40, -1])
(8, 577, 130, [1, 2, 3, 4, 0], [0, 10, 20, 30, -1], [10, 20, 30, 40, -1])
(9, 1293, 88, [1, 2, 3, 4, 0], [0, 10, 20, 30, -1], [10, 20, 30, 40, -1])
(10, 442, 232, [1, 2, 3, 4, 0], [0, 10, 20, 30, -1], [10, 20, 30, 40, -1])
(11, 456, 273, [1, 2, 3, 4, 0], [0, 10, 20, 30, -1], [10, 20, 30, 40, -1])
(12, 627, 243, [1, 2, 3, 4, 0], [0, 10, 20, 30, -1], [10, 20, 30, 40, -1])
(13, 855, 650, [1, 2, 3, 4, 0], [0, 10, 20, 30, -1], [10, 20, 30, 40, -1])
(14, 659, 388, [1, 2, 3, 4, 0], [0, 10, 20, 30, -1], [10, 20, 30, 40, -1])
(15, 506, 335, [1, 2, 3, 4, 0], [0, 10, 20, 30, -1], [10, 20, 30, 40, -1])
(16, 444, 139, [1, 2, 3, 4, 0], [0, 10, 20, 30, -1], [10, 20, 30, 40, -1])
(17, 586, 287, [1, 2, 3, 4, 0], [0, 10, 20, 30, -1], [10, 20, 30, 40, -1])
(18, 662, 141, [1, 2, 3, 4, 0], [0, 10, 20, 30, -1], [10, 20, 30, 40, -1])
(19, 380, 189, [1, 2, 3, 4, 0], [0, 10, 20, 30, -1], [10, 20, 30, 40, -1])
(20, 553, 7, [1, 2, 3, 4, 0], [0, 10, 20, 30, -1], [10, 20, 30, 40, -1])
(21, 622, 173, [1, 2, 3, 4, 0], [0, 10, 20, 30, -1], [10, 20, 30, 40, -1])
(22, 548, 216, [1, 2, 3, 4, 0], [0, 10, 20, 30, -1], [10, 20, 30, 40, -1])
(23, 1054, 590, [1, 2, 3, 4, 0], [0, 10, 20, 30, -1], [10, 20, 30, 40, -1])
(24, 475, 211, [1, 2, 3, 4, 0], [0, 10, 20, 30, -1], [10, 20, 30, 40, -1])
(25, 720, 150, [1, 2, 3, 4, 0], [0, 10, 20, 30, -1], [10, 20, 30, 40, -1])
(26, 657, 295, [1, 2, 3, 4, 0], [0, 10, 20, 30, -1], [10, 20, 30, 40, -1])
(27, 426, 150, [1, 2, 3, 4, 0], [0, 10, 20, 30, -1], [10, 20, 30, 40, -1])
(28, 732, 93, [1, 2, 3, 4, 0], [0, 10, 20, 30, -1], [10, 20, 30, 40, -1])
(29, 726, 29, [1, 2, 3, 4, 0], [0, 10, 20, 30, -1], [10, 20, 30, 40, -1])
(30, 1150, 436, [1, 2, 3, 4, 0], [0, 10, 20, 30, -1], [10, 20, 30, 40, -1])
(31, 731, 163, [1, 2, 3, 4, 0], [0, 10, 20, 30, -1], [10, 20, 30, 40, -1])
(32, 1059, 202, [1, 2, 3, 4, 0], [0, 10, 20, 30, -1], [10, 20, 30, 40, -1])
(33, 789, 468, [1, 2, 3, 4, 0], [0, 10, 20, 30, -1], [10, 20, 30, 40, -1])
(34, 652, 107, [1, 2, 3, 4, 0], [0, 10, 20, 30, -1], [10, 20, 30, 40, -1])
(35, 543, 185, [1, 2, 3, 4, 0], [0, 10, 20, 30, -1], [10, 20, 30, 40, -1])
(36, 993, 410, [1, 2, 3, 4, 0], [0, 10, 20, 30, -1], [10, 20, 30, 40, -1])
(37, 801, 485, [1, 2, 3, 4, 0], [0, 10, 20, 30, -1], [10, 20, 30, 40, -1])
(38, 586, 204, [1, 2, 3, 4, 0], [0, 10, 20, 30, -1], [10, 20, 30, 40, -1])
(39, 464, 77, [1, 2, 3, 4, 0], [0, 10, 20, 30, -1], [10, 20, 30, 40, -1])
(40, 2724, 1101, [1, 2, 3, 4, 0], [0, 10, 20, 30, -1], [10, 20, 30, 40, -1])
(41, 824, 140, [1, 2, 3, 4, 0], [0, 10, 20, 30, -1], [10, 20, 30, 40, -1])
(42, 510, 92, [1, 2, 3, 4, 0], [0, 10, 20, 30, -1], [10, 20, 30, 40, -1])
(43, 1108, 297, [1, 2, 3, 4, 0], [0, 10, 20, 30, -1], [10, 20, 30, 40, -1])
(44, 1724, 171, [1, 2, 3, 4, 0], [0, 10, 20, 30, -1], [10, 20, 30, 40, -1])
(45, 464, 157, [1, 2, 3, 4, 0], [0, 10, 20, 30, -1], [10, 20, 30, 40, -1])
(46, 475, 199, [1, 2, 3, 4, 0], [0, 10, 20, 30, -1], [10, 20, 30, 40, -1])
(47, 371, 212, [1, 2, 3, 4, 0], [0, 10, 20, 30, -1], [10, 20, 30, 40, -1])
(48, 520, 39, [1, 2, 3, 4, 0], [0, 10, 20, 30, -1], [10, 20, 30, 40, -1])
(49, 630, 257, [1, 2, 3, 4, 0], [0, 10, 20, 30, -1], [10, 20, 30, 40, -1])
(50, 1240, 177, [1, 2, 3, 4, 0], [0, 10, 20, 30, -1], [10, 20, 30, 40, -1])
(51, 497, 112, [1, 2, 3, 4, 0], [0, 10, 20, 30, -1], [10, 20, 30, 40, -1])
(52, 500, 281, [1, 2, 3, 4, 0], [0, 10, 20, 30, -1], [10, 20, 30, 40, -1])
(53, 585, 55, [1, 2, 3, 4, 0], [0, 10, 20, 30, -1], [10, 20, 30, 40, -1])
(54, 540, 107, [1, 2, 3, 4, 0], [0, 10, 20, 30, -1], [10, 20, 30, 40, -1])
(55, 443, 228, [1, 2, 3, 4, 0], [0, 10, 20, 30, -1], [10, 20, 30, 40, -1])
(56, 412, 235, [1, 2, 3, 4, 0], [0, 10, 20, 30, -1], [10, 20, 30, 40, -1])
(57, 600, 105, [1, 2, 3, 4, 0], [0, 10, 20, 30, -1], [10, 20, 30, 40, -1])
(58, 519, 230, [1, 2, 3, 4, 0], [0, 10, 20, 30, -1], [10, 20, 30, 40, -1])
(59, 516, 29, [1, 2, 3, 4, 0], [0, 10, 20, 30, -1], [10, 20, 30, 40, -1])
(60, 807, 280, [1, 2, 3, 4, 0], [0, 10, 20, 30, -1], [10, 20, 30, 40, -1])
(61, 661, 60, [1, 2, 3, 4, 0], [0, 10, 20, 30, -1], [10, 20, 30, 40, -1])
(62, 491, 83, [1, 2, 3, 4, 0], [0, 10, 20, 30, -1], [10, 20, 30, 40, -1])
(63, 667, 48, [1, 2, 3, 4, 0], [0, 10, 20, 30, -1], [10, 20, 30, 40, -1])
(64, 656, 11, [1, 2, 3, 4, 0], [0, 10, 20, 30, -1], [10, 20, 30, 40, -1])
(65, 399, 231, [1, 2, 3, 4, 0], [0, 10, 20, 30, -1], [10, 20, 30, 40, -1])
(66, 606, 166, [1, 2, 3, 4, 0], [0, 10, 20, 30, -1], [10, 20, 30, 40, -1])
(67, 536, 318, [1, 2, 3, 4, 0], [0, 10, 20, 30, -1], [10, 20, 30, 40, -1])
(68, 1186, 780, [1, 2, 3, 4, 0], [0, 10, 20, 30, -1], [10, 20, 30, 40, -1])
(69, 842, 496, [1, 2, 3, 4, 0], [0, 10, 20, 30, -1], [10, 20, 30, 40, -1])
(70, 1244, 657, [1, 2, 3, 4, 0], [0, 10, 20, 30, -1], [10, 20, 30, 40, -1])
(71, 966, 16, [1, 2, 3, 4, 0], [0, 10, 20, 30, -1], [10, 20, 30, 40, -1])
(72, 552, 67, [1, 2, 3, 4, 0], [0, 10, 20, 30, -1], [10, 20, 30, 40, -1])
(73, 982, 297, [1, 2, 3, 4, 0], [0, 10, 20, 30, -1], [10, 20, 30, 40, -1])
(74, 726, 445, [1, 2, 3, 4, 0], [0, 10, 20, 30, -1], [10, 20, 30, 40, -1])
(75, 571, 160, [1, 2, 3, 4, 0], [0, 10, 20, 30, -1], [10, 20, 30, 40, -1])
(76, 556, 227, [1, 2, 3, 4, 0], [0, 10, 20, 30, -1], [10, 20, 30, 40, -1])
(77, 728, 517, [1, 2, 3, 4, 0], [0, 10, 20, 30, -1], [10, 20, 30, 40, -1])
(78, 798, 109, [1, 2, 3, 4, 0], [0, 10, 20, 30, -1], [10, 20, 30, 40, -1])
(79, 1063, 138, [1, 2, 3, 4, 0], [0, 10, 20, 30, -1], [10, 20, 30, 40, -1])
(80, 926, 214, [1, 2, 3, 4, 0], [0, 10, 20, 30, -1], [10, 20, 30, 40, -1])
(81, 760, 70, [1, 2, 3, 4, 0], [0, 10, 20, 30, -1], [10, 20, 30, 40, -1])
(82, 488, 256, [1, 2, 3, 4, 0], [0, 10, 20, 30, -1], [10, 20, 30, 40, -1])
(83, 499, 227, [1, 2, 3, 4, 0], [0, 10, 20, 30, -1], [10, 20, 30, 40, -1])
(84, 793, 83, [1, 2, 3, 4, 0], [0, 10, 20, 30, -1], [10, 20, 30, 40, -1])
(85, 685, 328, [1, 2, 3, 4, 0], [0, 10, 20, 30, -1], [10, 20, 30, 40, -1])
(86, 1029, 225, [1, 2, 3, 4, 0], [0, 10, 20, 30, -1], [10, 20, 30, 40, -1])
(87, 708, 397, [1, 2, 3, 4, 0], [0, 10, 20, 30, -1], [10, 20, 30, 40, -1])
(88, 1249, 381, [1, 2, 3, 4, 0], [0, 10, 20, 30, -1], [10, 20, 30, 40, -1])
(89, 417, 223, [1, 2, 3, 4, 0], [0, 10, 20, 30, -1], [10, 20, 30, 40, -1])
(90, 629, 475, [1, 2, 3, 4, 0], [0, 10, 20, 30, -1], [10, 20, 30, 40, -1])
(91, 537, 67, [1, 2, 3, 4, 0], [0, 10, 20, 30, -1], [10, 20, 30, 40, -1])
(92, 357, 215, [1, 2, 3, 4, 0], [0, 10, 20, 30, -1], [10, 20, 30, 40, -1])
(93, 702, 207, [1, 2, 3, 4, 0], [0, 10, 20, 30, -1], [10, 20, 30, 40, -1])
(94, 628, 77, [1, 2, 3, 4, 0], [0, 10, 20, 30, -1], [10, 20, 30, 40, -1])
(95, 2007, 587, [1, 2, 3, 4, 0], [0, 10, 20, 30, -1], [10, 20, 30, 40, -1])
(96, 659, 388, [1, 2, 3, 4, 0], [0, 10, 20, 30, -1], [10, 20, 30, 40, -1])
(97, 398, 181, [1, 2, 3, 4, 0], [0, 10, 20, 30, -1], [10, 20, 30, 40, -1])
(98, 401, 142, [1, 2, 3, 4, 0], [0, 10, 20, 30, -1], [10, 20, 30, 40, -1])
(99, 623, 281, [1, 2, 3, 4, 0], [0, 10, 20, 30, -1], [10, 20, 30, 40, -1])
(100, 1095, 104, [1, 2, 3, 4, 0], [0, 10, 20, 30, -1], [10, 20, 30, 40, -1])
(101, 371, 184, [1, 2, 3, 4, 0], [0, 10, 20, 30, -1], [10, 20, 30, 40, -1])
(102, 726, 445, [1, 2, 3, 4, 0], [0, 10, 20, 30, -1], [10, 20, 30, 40, -1])
(103, 585, 55, [1, 2, 3, 4, 0], [0, 10, 20, 30, -1], [10, 20, 30, 40, -1])
(104, 691, 39, [1, 2, 3, 4, 0], [0, 10, 20, 30, -1], [10, 20, 30, 40, -1])
(105, 513, 293, [1, 2, 3, 4, 0], [0, 10, 20, 30, -1], [10, 20, 30, 40, -1])
(106, 435, 166, [1, 2, 3, 4, 0], [0, 10, 20, 30, -1], [10, 20, 30, 40, -1])
(107, 857, 614, [1, 2, 3, 4, 0], [0, 10, 20, 30, -1], [10, 20, 30, 40, -1])
(108, 609, 394, [1, 2, 3, 4, 0], [0, 10, 20, 30, -1], [10, 20, 30, 40, -1])
(109, 549, 45, [1, 2, 3, 4, 0], [0, 10, 20, 30, -1], [10, 20, 30, 40, -1])
(110, 1106, 59, [1, 2, 3, 4, 0], [0, 10, 20, 30, -1], [10, 20, 30, 40, -1])
(111, 764, 302, [1, 2, 3, 4, 0], [0, 10, 20, 30, -1], [10, 20, 30, 40, -1])
(112, 508, 288, [1, 2, 3, 4, 0], [0, 10, 20, 30, -1], [10, 20, 30, 40, -1])
(113, 684, 154, [1, 2, 3, 4, 0], [0, 10, 20, 30, -1], [10, 20, 30, 40, -1])
(114, 519, 285, [1, 2, 3, 4, 0], [0, 10, 20, 30, -1], [10, 20, 30, 40, -1])
(115, 983, 232, [1, 2, 3, 4, 0], [0, 10, 20, 30, -1], [10, 20, 30, 40, -1])
(116, 499, 121, [1, 2, 3, 4, 0], [0, 10, 20, 30, -1], [10, 20, 30, 40, -1])
(117, 516, 138, [1, 2, 3, 4, 0], [0, 10, 20, 30, -1], [10, 20, 30, 40, -1])
(118, 532, 120, [1, 2, 3, 4, 0], [0, 10, 20, 30, -1], [10, 20, 30, 40, -1])
(119, 804, 395, [1, 2, 3, 4, 0], [0, 10, 20, 30, -1], [10, 20, 30, 40, -1])
(120, 736, 188, [1, 2, 3, 4, 0], [0, 10, 20, 30, -1], [10, 20, 30, 40, -1])
(121, 591, 423, [1, 2, 3, 4, 0], [0, 10, 20, 30, -1], [10, 20, 30, 40, -1])
(122, 518, 334, [1, 2, 3, 4, 0], [0, 10, 20, 30, -1], [10, 20, 30, 40, -1])
(123, 983, 349, [1, 2, 3, 4, 0], [0, 10, 20, 30, -1], [10, 20, 30, 40, -1])
(124, 591, 423, [1, 2, 3, 4, 0], [0, 10, 20, 30, -1], [10, 20, 30, 40, -1])
(125, 537, 67, [1, 2, 3, 4, 0], [0, 10, 20, 30, -1], [10, 20, 30, 40, -1])
(126, 454, 150, [1, 2, 3, 4, 0], [0, 10, 20, 30, -1], [10, 20, 30, 40, -1])
(127, 552, 151, [1, 2, 3, 4, 0], [0, 10, 20, 30, -1], [10, 20, 30, 40, -1])
(128, 460, 224, [1, 2, 3, 4, 0], [0, 10, 20, 30, -1], [10, 20, 30, 40, -1])
(129, 761, 2, [1, 2, 3, 4, 0], [0, 10, 20, 30, -1], [10, 20, 30, 40, -1])
(130, 1316, 299, [1, 2, 3, 4, 0], [0, 10, 20, 30, -1], [10, 20, 30, 40, -1])
(131, 910, 34, [1, 2, 3, 4, 0], [0, 10, 20, 30, -1], [10, 20, 30, 40, -1])
