(0, 32, 60, [1, 2, 3, 4, 0], [0, 16, 32, 48, -1], [16, 32, 48, 64, -1])
(1, 32, 153, [1, 2, 3, 4, 0], [0, 16, 32, 48, -1], [16, 32, 48, 64, -1])
(2, 32, 180, [1, 2, 3, 4, 0], [0, 16, 32, 48, -1], [16, 32, 48, 64, -1])
(3, 32, 250, [1, 2, 3, 4, 0], [0, 16, 32, 48, -1], [16, 32, 48, 64, -1])
(4, 32, 127, [1, 2, 3, 4, 0], [0, 16, 32, 48, -1], [16, 32, 48, 64, -1])
(5, 32, 141, [1, 2, 3, 4, 0], [0, 16, 32, 48, -1], [16, 32, 48, 64, -1])
(6, 32, 105, [1, 2, 3, 4, 0], [0, 16, 32, 48, -1], [16, 32, 48, 64, -1])
(7, 81, 85, [1, 2, 3, 4, 0], [0, 16, 32, 48, -1], [16, 32, 48, 64, -1])
(8, 32, 85, [1, 2, 3, 4, 0], [0, 16, 32, 48, -1], [16, 32, 48, 64, -1])
(9, 32, 74, [1, 2, 3, 4, 0], [0, 16, 32, 48, -1], [16, 32, 48, 64, -1])
(10, 32, 254, [1, 2, 3, 4, 0], [0, 16, 32, 48, -1], [16, 32, 48, 64, -1])
(11, 32, 186, [1, 2, 3, 4, 0], [0, 16, 32, 48, -1], [16, 32, 48, 64, -1])
(12, 32, 204, [1, 2, 3, 4, 0], [0, 16, 32, 48, -1], [16, 32, 48, 64, -1])
(13, 32, 87, [1, 2, 3, 4, 0], [0, 16, 32, 48, -1], [16, 32, 48, 64, -1])
(14, 32, 75, [1, 2, 3, 4, 0], [0, 16, 32, 48, -1], [16, 32, 48, 64, -1])
(15, 75, 68, [1, 2, 3, 4, 0], [0, 16, 32, 48, -1], [16, 32, 48, 64, -1])
(16, 32, 225, [1, 2, 3, 4, 0], [0, 16, 32, 48, -1], [16, 32, 48, 64, -1])
(17, 54, 170, [1, 2, 3, 4, 0], [0, 16, 32, 48, -1], [16, 32, 48, 64, -1])
(18, 32, 75, [1, 2, 3, 4, 0], [0, 16, 32, 48, -1], [16, 32, 48, 64, -1])
(19, 32, 161, [1, 2, 3, 4, 0], [0, 16, 32, 48, -1], [16, 32, 48, 64, -1])
(20, 32, 206, [1, 2, 3, 4, 0], [0, 16, 32, 48, -1], [16, 32, 48, 64, -1])
(21, 32, 102, [1, 2, 3, 4, 0], [0, 16, 32, 48, -1], [16, 32, 48, 64, -1])
(22, 32, 172, [1, 2, 3, 4, 0], [0, 16, 32, 48, -1], [16, 32, 48, 64, -1])
(23, 32, 183, [1, 2, 3, 4, 0], [0, 16, 32, 48, -1], [16, 32, 48, 64, -1])
(24, 32, 65, [1, 2, 3, 4, 0], [0, 16, 32, 48, -1], [16, 32, 48, 64, -1])
(25, 32, 190, [1, 2, 3, 4, 0], [0, 16, 32, 48, -1], [16, 32, 48, 64, -1])
(26, 32, 53, [1, 2, 3, 4, 0], [0, 16, 32, 48, -1], [16, 32, 48, 64, -1])
(27, 32, 234, [1, 2, 3, 4, 0], [0, 16, 32, 48, -1], [16, 32, 48, 64, -1])
(28, 32, 152, [1, 2, 3, 4, 0], [0, 16, 32, 48, -1], [16, 32, 48, 64, -1])
(29, 32, 250, [1, 2, 3, 4, 0], [0, 16, 32, 48, -1], [16, 32, 48, 64, -1])
(30, 32, 210, [1, 2, 3, 4, 0], [0, 16, 32, 48, -1], [16, 32, 48, 64, -1])
(31, 67, 206, [1, 2, 3, 4, 0], [0, 16, 32, 48, -1], [16, 32, 48, 64, -1])
(32, 32, 135, [1, 2, 3, 4, 0], [0, 16, 32, 48, -1], [16, 32, 48, 64, -1])
(33, 32, 236, [1, 2, 3, 4, 0], [0, 16, 32, 48, -1], [16, 32, 48, 64, -1])
(34, 45, 230, [1, 2, 3, 4, 0], [0, 16, 32, 48, -1], [16, 32, 48, 64, -1])
(35, 32, 66, [1, 2, 3, 4, 0], [0, 16, 32, 48, -1], [16, 32, 48, 64, -1])
(36, 32, 195, [1, 2, 3, 4, 0], [0, 16, 32, 48, -1], [16, 32, 48, 64, -1])
(37, 32, 111, [1, 2, 3, 4, 0], [0, 16, 32, 48, -1], [16, 32, 48, 64, -1])
(38, 36, 86, [1, 2, 3, 4, 0], [0, 16, 32, 48, -1], [16, 32, 48, 64, -1])
(39, 32, 189, [1, 2, 3, 4, 0], [0, 16, 32, 48, -1], [16, 32, 48, 64, -1])
(40, 32, 73, [1, 2, 3, 4, 0], [0, 16, 32, 48, -1], [16, 32, 48, 64, -1])
(41, 32, 131, [1, 2, 3, 4, 0], [0, 16, 32, 48, -1], [16, 32, 48, 64, -1])
(42, 32, 180, [1, 2, 3, 4, 0], [0, 16, 32, 48, -1], [16, 32, 48, 64, -1])
(43, 32, 77, [1, 2, 3, 4, 0], [0, 16, 32, 48, -1], [16, 32, 48, 64, -1])
(44, 32, 191, [1, 2, 3, 4, 0], [0, 16, 32, 48, -1], [16, 32, 48, 64, -1])
(45, 32, 230, [1, 2, 3, 4, 0], [0, 16, 32, 48, -1], [16, 32, 48, 64, -1])
(46, 32, 190, [1, 2, 3, 4, 0], [0, 16, 32, 48, -1], [16, 32, 48, 64, -1])
(47, 256, 188, [1, 2, 3, 4, 0], [0, 16, 32, 48, -1], [16, 32, 48, 64, -1])
(48, 32, 254, [1, 2, 3, 4, 0], [0, 16, 32, 48, -1], [16, 32, 48, 64, -1])
(49, 32, 190, [1, 2, 3, 4, 0], [0, 16, 32, 48, -1], [16, 32, 48, 64, -1])
(50, 32, 123, [1, 2, 3, 4, 0], [0, 16, 32, 48, -1], [16, 32, 48, 64, -1])
(51, 32, 73, [1, 2, 3, 4, 0], [0, 16, 32, 48, -1], [16, 32, 48, 64, -1])
(52, 32, 254, [1, 2, 3, 4, 0], [0, 16, 32, 48, -1], [16, 32, 48, 64, -1])
(53, 32, 131, [1, 2, 3, 4, 0], [0, 16, 32, 48, -1], [16, 32, 48, 64, -1])
(54, 32, 111, [1, 2, 3, 4, 0], [0, 16, 32, 48, -1], [16, 32, 48, 64, -1])
(55, 32, 97, [1, 2, 3, 4, 0], [0, 16, 32, 48, -1], [16, 32, 48, 64, -1])
(56, 33, 97, [1, 2, 3, 4, 0], [0, 16, 32, 48, -1], [16, 32, 48, 64, -1])
(57, 32, 206, [1, 2, 3, 4, 0], [0, 16, 32, 48, -1], [16, 32, 48, 64, -1])
(58, 32, 116, [1, 2, 3, 4, 0], [0, 16, 32, 48, -1], [16, 32, 48, 64, -1])
(59, 256, 67, [1, 2, 3, 4, 0], [0, 16, 32, 48, -1], [16, 32, 48, 64, -1])
(60, 32, 223, [1, 2, 3, 4, 0], [0, 16, 32, 48, -1], [16, 32, 48, 64, -1])
(61, 42, 83, [1, 2, 3, 4, 0], [0, 16, 32, 48, -1], [16, 32, 48, 64, -1])
(62, 32, 88, [1, 2, 3, 4, 0], [0, 16, 32, 48, -1], [16, 32, 48, 64, -1])
(63, 32, 59, [1, 2, 3, 4, 0], [0, 16, 32, 48, -1], [16, 32, 48, 64, -1])
(64, 32, 70, [1, 2, 3, 4, 0], [0, 16, 32, 48, -1], [16, 32, 48, 64, -1])
(65, 32, 229, [1, 2, 3, 4, 0], [0, 16, 32, 48, -1], [16, 32, 48, 64, -1])
(66, 32, 188, [1, 2, 3, 4, 0], [0, 16, 32, 48, -1], [16, 32, 48, 64, -1])
(67, 32, 150, [1, 2, 3, 4, 0], [0, 16, 32, 48, -1], [16, 32, 48, 64, -1])
(68, 101, 230, [1, 2, 3, 4, 0], [0, 16, 32, 48, -1], [16, 32, 48, 64, -1])
(69, 32, 120, [1, 2, 3, 4, 0], [0, 16, 32, 48, -1], [16, 32, 48, 64, -1])
(70, 32, 110, [1, 2, 3, 4, 0], [0, 16, 32, 48, -1], [16, 32, 48, 64, -1])
(71, 54, 105, [1, 2, 3, 4, 0], [0, 16, 32, 48, -1], [16, 32, 48, 64, -1])
(72, 32, 223, [1, 2, 3, 4, 0], [0, 16, 32, 48, -1], [16, 32, 48, 64, -1])
(73, 32, 157, [1, 2, 3, 4, 0], [0, 16, 32, 48, -1], [16, 32, 48, 64, -1])
(74, 32, 120, [1, 2, 3, 4, 0], [0, 16, 32, 48, -1], [16, 32, 48, 64, -1])
(75, 32, 176, [1, 2, 3, 4, 0], [0, 16, 32, 48, -1], [16, 32, 48, 64, -1])
(76, 185, 214, [1, 2, 3, 4, 0], [0, 16, 32, 48, -1], [16, 32, 48, 64, -1])
(77, 32, 253, [1, 2, 3, 4, 0], [0, 16, 32, 48, -1], [16, 32, 48, 64, -1])
(78, 44, 71, [1, 2, 3, 4, 0], [0, 16, 32, 48, -1], [16, 32, 48, 64, -1])
(79, 32, 206, [1, 2, 3, 4, 0], [0, 16, 32, 48, -1], [16, 32, 48, 64, -1])
(80, 32, 174, [1, 2, 3, 4, 0], [0, 16, 32, 48, -1], [16, 32, 48, 64, -1])
(81, 32, 211, [1, 2, 3, 4, 0], [0, 16, 32, 48, -1], [16, 32, 48, 64, -1])
(82, 55, 98, [1, 2, 3, 4, 0], [0, 16, 32, 48, -1], [16, 32, 48, 64, -1])
(83, 91, 54, [1, 2, 3, 4, 0], [0, 16, 32, 48, -1], [16, 32, 48, 64, -1])
(84, 32, 119, [1, 2, 3, 4, 0], [0, 16, 32, 48, -1], [16, 32, 48, 64, -1])
(85, 32, 230, [1, 2, 3, 4, 0], [0, 16, 32, 48, -1], [16, 32, 48, 64, -1])
(86, 32, 145, [1, 2, 3, 4, 0], [0, 16, 32, 48, -1], [16, 32, 48, 64, -1])
(87, 32, 93, [1, 2, 3, 4, 0], [0, 16, 32, 48, -1], [16, 32, 48, 64, -1])
(88, 32, 159, [1, 2, 3, 4, 0], [0, 16, 32, 48, -1], [16, 32, 48, 64, -1])
(89, 32, 65, [1, 2, 3, 4, 0], [0, 16, 32, 48, -1], [16, 32, 48, 64, -1])
(90, 35, 250, [1, 2, 3, 4, 0], [0, 16, 32, 48, -1], [16, 32, 48, 64, -1])
(91, 32, 228, [1, 2, 3, 4, 0], [0, 16, 32, 48, -1], [16, 32, 48, 64, -1])
(92, 32, 61, [1, 2, 3, 4, 0], [0, 16, 32, 48, -1], [16, 32, 48, 64, -1])
(93, 32, 196, [1, 2, 3, 4, 0], [0, 16, 32, 48, -1], [16, 32, 48, 64, -1])
(94, 32, 186, [1, 2, 3, 4, 0], [0, 16, 32, 48, -1], [16, 32, 48, 64, -1])
(95, 32, 224, [1, 2, 3, 4, 0], [0, 16, 32, 48, -1], [16, 32, 48, 64, -1])
(96, 32, 56, [1, 2, 3, 4, 0], [0, 16, 32, 48, -1], [16, 32, 48, 64, -1])
(97, 256, 212, [1, 2, 3, 4, 0], [0, 16, 32, 48, -1], [16, 32, 48, 64, -1])
(98, 32, 205, [1, 2, 3, 4, 0], [0, 16, 32, 48, -1], [16, 32, 48, 64, -1])
(99, 91, 197, [1, 2, 3, 4, 0], [0, 16, 32, 48, -1], [16, 32, 48, 64, -1])
(100, 32, 150, [1, 2, 3, 4, 0], [0, 16, 32, 48, -1], [16, 32, 48, 64, -1])
(101, 110, 144, [1, 2, 3, 4, 0], [0, 16, 32, 48, -1], [16, 32, 48, 64, -1])
(102, 32, 79, [1, 2, 3, 4, 0], [0, 16, 32, 48, -1], [16, 32, 48, 64, -1])
(103, 49, 205, [1, 2, 3, 4, 0], [0, 16, 32, 48, -1], [16, 32, 48, 64, -1])
(104, 68, 99, [1, 2, 3, 4, 0], [0, 16, 32, 48, -1], [16, 32, 48, 64, -1])
(105, 32, 233, [1, 2, 3, 4, 0], [0, 16, 32, 48, -1], [16, 32, 48, 64, -1])
(106, 32, 172, [1, 2, 3, 4, 0], [0, 16, 32, 48, -1], [16, 32, 48, 64, -1])
(107, 32, 236, [1, 2, 3, 4, 0], [0, 16, 32, 48, -1], [16, 32, 48, 64, -1])
(108, 32, 65, [1, 2, 3, 4, 0], [0, 16, 32, 48, -1], [16, 32, 48, 64, -1])
(109, 32, 55, [1, 2, 3, 4, 0], [0, 16, 32, 48, -1], [16, 32, 48, 64, -1])
(110, 32, 158, [1, 2, 3, 4, 0], [0, 16, 32, 48, -1], [16, 32, 48, 64, -1])
(111, 32, 75, [1, 2, 3, 4, 0], [0, 16, 32, 48, -1], [16, 32, 48, 64, -1])
(112, 71, 116, [1, 2, 3, 4, 0], [0, 16, 32, 48, -1], [16, 32, 48, 64, -1])
(113, 32, 106, [1, 2, 3, 4, 0], [0, 16, 32, 48, -1], [16, 32, 48, 64, -1])
(114, 45, 215, [1, 2, 3, 4, 0], [0, 16, 32, 48, -1], [16, 32, 48, 64, -1])
(115, 256, 139, [1, 2, 3, 4, 0], [0, 16, 32, 48, -1], [16, 32, 48, 64, -1])
(116, 52, 96, [1, 2, 3, 4, 0], [0, 16, 32, 48, -1], [16, 32, 48, 64, -1])
(117, 32, 178, [1, 2, 3, 4, 0], [0, 16, 32, 48, -1], [16, 32, 48, 64, -1])
(118, 32, 60, [1, 2, 3, 4, 0], [0, 16, 32, 48, -1], [16, 32, 48, 64, -1])
(119, 37, 75, [1, 2, 3, 4, 0], [0, 16, 32, 48, -1], [16, 32, 48, 64, -1])
(120, 32, 150, [1, 2, 3, 4, 0], [0, 16, 32, 48, -1], [16, 32, 48, 64, -1])
(121, 52, 116, [1, 2, 3, 4, 0], [0, 16, 32, 48, -1], [16, 32, 48, 64, -1])
(122, 32, 237, [1, 2, 3, 4, 0], [0, 16, 32, 48, -1], [16, 32, 48, 64, -1])
(123, 32, 195, [1, 2, 3, 4, 0], [0, 16, 32, 48, -1], [16, 32, 48, 64, -1])
(124, 36, 228, [1, 2, 3, 4, 0], [0, 16, 32, 48, -1], [16, 32, 48, 64, -1])
(125, 33, 102, [1, 2, 3, 4, 0], [0, 16, 32, 48, -1], [16, 32, 48, 64, -1])
(126, 32, 64, [1, 2, 3, 4, 0], [0, 16, 32, 48, -1], [16, 32, 48, 64, -1])
(127, 32, 223, [1, 2, 3, 4, 0], [0, 16, 32, 48, -1], [16, 32, 48, 64, -1])
(128, 32, 91, [1, 2, 3, 4, 0], [0, 16, 32, 48, -1], [16, 32, 48, 64, -1])
(129, 32, 185, [1, 2, 3, 4, 0], [0, 16, 32, 48, -1], [16, 32, 48, 64, -1])
(130, 32, 80, [1, 2, 3, 4, 0], [0, 16, 32, 48, -1], [16, 32, 48, 64, -1])
(131, 32, 163, [1, 2, 3, 4, 0], [0, 16, 32, 48, -1], [16, 32, 48, 64, -1])
(132, 32, 94, [1, 2, 3, 4, 0], [0, 16, 32, 48, -1], [16, 32, 48, 64, -1])
(133, 32, 170, [1, 2, 3, 4, 0], [0, 16, 32, 48, -1], [16, 32, 48, 64, -1])
(134, 41, 154, [1, 2, 3, 4, 0], [0, 16, 32, 48, -1], [16, 32, 48, 64, -1])
(135, 32, 195, [1, 2, 3, 4, 0], [0, 16, 32, 48, -1], [16, 32, 48, 64, -1])
(136, 32, 180, [1, 2, 3, 4, 0], [0, 16, 32, 48, -1], [16, 32, 48, 64, -1])
(137, 32, 129, [1, 2, 3, 4, 0], [0, 16, 32, 48, -1], [16, 32, 48, 64, -1])
(138, 32, 141, [1, 2, 3, 4, 0], [0, 16, 32, 48, -1], [16, 32, 48, 64, -1])
(139, 32, 218, [1, 2, 3, 4, 0], [0, 16, 32, 48, -1], [16, 32, 48, 64, -1])
(140, 32, 89, [1, 2, 3, 4, 0], [0, 16, 32, 48, -1], [16, 32, 48, 64, -1])
(141, 32, 226, [1, 2, 3, 4, 0], [0, 16, 32, 48, -1], [16, 32, 48, 64, -1])
(142, 32, 167, [1, 2, 3, 4, 0], [0, 16, 32, 48, -1], [16, 32, 48, 64, -1])
(143, 165, 70, [1, 2, 3, 4, 0], [0, 16, 32, 48, -1], [16, 32, 48, 64, -1])
(144, 32, 239, [1, 2, 3, 4, 0], [0, 16, 32, 48, -1], [16, 32, 48, 64, -1])
(145, 32, 189, [1, 2, 3, 4, 0], [0, 16, 32, 48, -1], [16, 32, 48, 64, -1])
(146, 40, 84, [1, 2, 3, 4, 0], [0, 16, 32, 48, -1], [16, 32, 48, 64, -1])
(147, 32, 245, [1, 2, 3, 4, 0], [0, 16, 32, 48, -1], [16, 32, 48, 64, -1])
(148, 32, 140, [1, 2, 3, 4, 0], [0, 16, 32, 48, -1], [16, 32, 48, 64, -1])
(149, 32, 123, [1, 2, 3, 4, 0], [0, 16, 32, 48, -1], [16, 32, 48, 64, -1])
(150, 32, 141, [1, 2, 3, 4, 0], [0, 16, 32, 48, -1], [16, 32, 48, 64, -1])
(151, 70, 212, [1, 2, 3, 4, 0], [0, 16, 32, 48, -1], [16, 32, 48, 64, -1])
(152, 256, 208, [1, 2, 3, 4, 0], [0, 16, 32, 48, -1], [16, 32, 48, 64, -1])
(153, 39, 233, [1, 2, 3, 4, 0], [0, 16, 32, 48, -1], [16, 32, 48, 64, -1])
(154, 32, 149, [1, 2, 3, 4, 0], [0, 16, 32, 48, -1], [16, 32, 48, 64, -1])
(155, 32, 156, [1, 2, 3, 4, 0], [0, 16, 32, 48, -1], [16, 32, 48, 64, -1])
(156, 110, 216, [1, 2, 3, 4, 0], [0, 16, 32, 48, -1], [16, 32, 48, 64, -1])
(157, 32, 50, [1, 2, 3, 4, 0], [0, 16, 32, 48, -1], [16, 32, 48, 64, -1])
(158, 32, 99, [1, 2, 3, 4, 0], [0, 16, 32, 48, -1], [16, 32, 48, 64, -1])
(159, 39, 135, [1, 2, 3, 4, 0], [0, 16, 32, 48, -1], [16, 32, 48, 64, -1])
(160, 32, 111, [1, 2, 3, 4, 0], [0, 16, 32, 48, -1], [16, 32, 48, 64, -1])
(161, 32, 213, [1, 2, 3, 4, 0], [0, 16, 32, 48, -1], [16, 32, 48, 64, -1])
(162, 54, 146, [1, 2, 3, 4, 0], [0, 16, 32, 48, -1], [16, 32, 48, 64, -1])
(163, 32, 222, [1, 2, 3, 4, 0], [0, 16, 32, 48, -1], [16, 32, 48, 64, -1])
(164, 32, 156, [1, 2, 3, 4, 0], [0, 16, 32, 48, -1], [16, 32, 48, 64, -1])
(165, 32, 152, [1, 2, 3, 4, 0], [0, 16, 32, 48, -1], [16, 32, 48, 64, -1])
(166, 32, 229, [1, 2, 3, 4, 0], [0, 16, 32, 48, -1], [16, 32, 48, 64, -1])
(167, 32, 157, [1, 2, 3, 4, 0], [0, 16, 32, 48, -1], [16, 32, 48, 64, -1])
(168, 32, 219, [1, 2, 3, 4, 0], [0, 16, 32, 48, -1], [16, 32, 48, 64, -1])
(169, 37, 61, [1, 2, 3, 4, 0], [0, 16, 32, 48, -1], [16, 32, 48, 64, -1])
(170, 32, 164, [1, 2, 3, 4, 0], [0, 16, 32, 48, -1], [16, 32, 48, 64, -1])
(171, 32, 116, [1, 2, 3, 4, 0], [0, 16, 32, 48, -1], [16, 32, 48, 64, -1])
(172, 32, 90, [1, 2, 3, 4, 0], [0, 16, 32, 48, -1], [16, 32, 48, 64, -1])
(173, 75, 185, [1, 2, 3, 4, 0], [0, 16, 32, 48, -1], [16, 32, 48, 64, -1])
(174, 32, 174, [1, 2, 3, 4, 0], [0, 16, 32, 48, -1], [16, 32, 48, 64, -1])
(175, 32, 193, [1, 2, 3, 4, 0], [0, 16, 32, 48, -1], [16, 32, 48, 64, -1])
(176, 32, 243, [1, 2, 3, 4, 0], [0, 16, 32, 48, -1], [16, 32, 48, 64, -1])
(177, 58, 59, [1, 2, 3, 4, 0], [0, 16, 32, 48, -1], [16, 32, 48, 64, -1])
(178, 32, 133, [1, 2, 3, 4, 0], [0, 16, 32, 48, -1], [16, 32, 48, 64, -1])
(179, 50, 169, [1, 2, 3, 4, 0], [0, 16, 32, 48, -1], [16, 32, 48, 64, -1])
(180, 32, 156, [1, 2, 3, 4, 0], [0, 16, 32, 48, -1], [16, 32, 48, 64, -1])
(181, 32, 190, [1, 2, 3, 4, 0], [0, 16, 32, 48, -1], [16, 32, 48, 64, -1])
(182, 62, 71, [1, 2, 3, 4, 0], [0, 16, 32, 48, -1], [16, 32, 48, 64, -1])
(183, 32, 235, [1, 2, 3, 4, 0], [0, 16, 32, 48, -1], [16, 32, 48, 64, -1])
(184, 32, 53, [1, 2, 3, 4, 0], [0, 16, 32, 48, -1], [16, 32, 48, 64, -1])
(185, 35, 223, [1, 2, 3, 4, 0], [0, 16, 32, 48, -1], [16, 32, 48, 64, -1])
(186, 32, 130, [1, 2, 3, 4, 0], [0, 16, 32, 48, -1], [16, 32, 48, 64, -1])
(187, 84, 104, [1, 2, 3, 4, 0], [0, 16, 32, 48, -1], [16, 32, 48, 64, -1])
(188, 117, 233, [1, 2, 3, 4, 0], [0, 16, 32, 48, -1], [16, 32, 48, 64, -1])
(189, 32, 50, [1, 2, 3, 4, 0], [0, 16, 32, 48, -1], [16, 32, 48, 64, -1])
(190, 32, 222, [1, 2, 3, 4, 0], [0, 16, 32, 48, -1], [16, 32, 48, 64, -1])
(191, 32, 206, [1, 2, 3, 4, 0], [0, 16, 32, 48, -1], [16, 32, 48, 64, -1])
(192, 167, 98, [1, 2, 3, 4, 0], [0, 16, 32, 48, -1], [16, 32, 48, 64, -1])
(193, 32, 205, [1, 2, 3, 4, 0], [0, 16, 32, 48, -1], [16, 32, 48, 64, -1])
(194, 32, 100, [1, 2, 3, 4, 0], [0, 16, 32, 48, -1], [16, 32, 48, 64, -1])
(195, 32, 127, [1, 2, 3, 4, 0], [0, 16, 32, 48, -1], [16, 32, 48, 64, -1])
(196, 32, 226, [1, 2, 3, 4, 0], [0, 16, 32, 48, -1], [16, 32, 48, 64, -1])
(197, 32, 75, [1, 2, 3, 4, 0], [0, 16, 32, 48, -1], [16, 32, 48, 64, -1])
(198, 81, 151, [1, 2, 3, 4, 0], [0, 16, 32, 48, -1], [16, 32, 48, 64, -1])
(199, 32, 70, [1, 2, 3, 4, 0], [0, 16, 32, 48, -1], [16, 32, 48, 64, -1])
(200, 32, 120, [1, 2, 3, 4, 0], [0, 16, 32, 48, -1], [16, 32, 48, 64, -1])
(201, 63, 165, [1, 2, 3, 4, 0], [0, 16, 32, 48, -1], [16, 32, 48, 64, -1])
(202, 256, 252, [1, 2, 3, 4, 0], [0, 16, 32, 48, -1], [16, 32, 48, 64, -1])
(203, 32, 115, [1, 2, 3, 4, 0], [0, 16, 32, 48, -1], [16, 32, 48, 64, -1])
(204, 32, 217, [1, 2, 3, 4, 0], [0, 16, 32, 48, -1], [16, 32, 48, 64, -1])
(205, 176, 216, [1, 2, 3, 4, 0], [0, 16, 32, 48, -1], [16, 32, 48, 64, -1])
(206, 32, 138, [1, 2, 3, 4, 0], [0, 16, 32, 48, -1], [16, 32, 48, 64, -1])
(207, 42, 89, [1, 2, 3, 4, 0], [0, 16, 32, 48, -1], [16, 32, 48, 64, -1])
(208, 58, 54, [1, 2, 3, 4, 0], [0, 16, 32, 48, -1], [16, 32, 48, 64, -1])
(209, 32, 60, [1, 2, 3, 4, 0], [0, 16, 32, 48, -1], [16, 32, 48, 64, -1])
(210, 32, 224, [1, 2, 3, 4, 0], [0, 16, 32, 48, -1], [16, 32, 48, 64, -1])
(211, 32, 192, [1, 2, 3, 4, 0], [0, 16, 32, 48, -1], [16, 32, 48, 64, -1])
(212, 256, 143, [1, 2, 3, 4, 0], [0, 16, 32, 48, -1], [16, 32, 48, 64, -1])
(213, 32, 60, [1, 2, 3, 4, 0], [0, 16, 32, 48, -1], [16, 32, 48, 64, -1])
(214, 32, 241, [1, 2, 3, 4, 0], [0, 16, 32, 48, -1], [16, 32, 48, 64, -1])
(215, 32, 205, [1, 2, 3, 4, 0], [0, 16, 32, 48, -1], [16, 32, 48, 64, -1])
(216, 109, 176, [1, 2, 3, 4, 0], [0, 16, 32, 48, -1], [16, 32, 48, 64, -1])
(217, 32, 214, [1, 2, 3, 4, 0], [0, 16, 32, 48, -1], [16, 32, 48, 64, -1])
(218, 32, 167, [1, 2, 3, 4, 0], [0, 16, 32, 48, -1], [16, 32, 48, 64, -1])
(219, 40, 161, [1, 2, 3, 4, 0], [0, 16, 32, 48, -1], [16, 32, 48, 64, -1])
(220, 32, 187, [1, 2, 3, 4, 0], [0, 16, 32, 48, -1], [16, 32, 48, 64, -1])
(221, 40, 103, [1, 2, 3, 4, 0], [0, 16, 32, 48, -1], [16, 32, 48, 64, -1])
(222, 58, 200, [1, 2, 3, 4, 0], [0, 16, 32, 48, -1], [16, 32, 48, 64, -1])
(223, 166, 52, [1, 2, 3, 4, 0], [0, 16, 32, 48, -1], [16, 32, 48, 64, -1])
(224, 32, 88, [1, 2, 3, 4, 0], [0, 16, 32, 48, -1], [16, 32, 48, 64, -1])
(225, 32, 135, [1, 2, 3, 4, 0], [0, 16, 32, 48, -1], [16, 32, 48, 64, -1])
(226, 32, 252, [1, 2, 3, 4, 0], [0, 16, 32, 48, -1], [16, 32, 48, 64, -1])
(227, 35, 233, [1, 2, 3, 4, 0], [0, 16, 32, 48, -1], [16, 32, 48, 64, -1])
(228, 32, 136, [1, 2, 3, 4, 0], [0, 16, 32, 48, -1], [16, 32, 48, 64, -1])
(229, 32, 208, [1, 2, 3, 4, 0], [0, 16, 32, 48, -1], [16, 32, 48, 64, -1])
(230, 32, 60, [1, 2, 3, 4, 0], [0, 16, 32, 48, -1], [16, 32, 48, 64, -1])
(231, 32, 91, [1, 2, 3, 4, 0], [0, 16, 32, 48, -1], [16, 32, 48, 64, -1])
(232, 32, 199, [1, 2, 3, 4, 0], [0, 16, 32, 48, -1], [16, 32, 48, 64, -1])
(233, 32, 142, [1, 2, 3, 4, 0], [0, 16, 32, 48, -1], [16, 32, 48, 64, -1])
(234, 32, 190, [1, 2, 3, 4, 0], [0, 16, 32, 48, -1], [16, 32, 48, 64, -1])
(235, 32, 125, [1, 2, 3, 4, 0], [0, 16, 32, 48, -1], [16, 32, 48, 64, -1])
(236, 32, 172, [1, 2, 3, 4, 0], [0, 16, 32, 48, -1], [16, 32, 48, 64, -1])
(237, 254, 111, [1, 2, 3, 4, 0], [0, 16, 32, 48, -1], [16, 32, 48, 64, -1])
(238, 32, 128, [1, 2, 3, 4, 0], [0, 16, 32, 48, -1], [16, 32, 48, 64, -1])
(239, 32, 183, [1, 2, 3, 4, 0], [0, 16, 32, 48, -1], [16, 32, 48, 64, -1])
(240, 32, 68, [1, 2, 3, 4, 0], [0, 16, 32, 48, -1], [16, 32, 48, 64, -1])
(241, 32, 153, [1, 2, 3, 4, 0], [0, 16, 32, 48, -1], [16, 32, 48, 64, -1])
(242, 32, 134, [1, 2, 3, 4, 0], [0, 16, 32, 48, -1], [16, 32, 48, 64, -1])
(243, 74, 156, [1, 2, 3, 4, 0], [0, 16, 32, 48, -1], [16, 32, 48, 64, -1])
(244, 32, 75, [1, 2, 3, 4, 0], [0, 16, 32, 48, -1], [16, 32, 48, 64, -1])
(245, 32, 173, [1, 2, 3, 4, 0], [0, 16, 32, 48, -1], [16, 32, 48, 64, -1])
(246, 32, 136, [1, 2, 3, 4, 0], [0, 16, 32, 48, -1], [16, 32, 48, 64, -1])
(247, 32, 254, [1, 2, 3, 4, 0], [0, 16, 32, 48, -1], [16, 32, 48, 64, -1])
(248, 32, 137, [1, 2, 3, 4, 0], [0, 16, 32, 48, -1], [16, 32, 48, 64, -1])
(249, 46, 172, [1, 2, 3, 4, 0], [0, 16, 32, 48, -1], [16, 32, 48, 64, -1])
(250, 32, 229, [1, 2, 3, 4, 0], [0, 16, 32, 48, -1], [16, 32, 48, 64, -1])
(251, 32, 159, [1, 2, 3, 4, 0], [0, 16, 32, 48, -1], [16, 32, 48, 64, -1])
(252, 32, 127, [1, 2, 3, 4, 0], [0, 16, 32, 48, -1], [16, 32, 48, 64, -1])
(253, 32, 238, [1, 2, 3, 4, 0], [0, 16, 32, 48, -1], [16, 32, 48, 64, -1])
(254, 42, 89, [1, 2, 3, 4, 0], [0, 16, 32, 48, -1], [16, 32, 48, 64, -1])
(255, 32, 92, [1, 2, 3, 4, 0], [0, 16, 32, 48, -1], [16, 32, 48, 64, -1])
(256, 32, 194, [1, 2, 3, 4, 0], [0, 16, 32, 48, -1], [16, 32, 48, 64, -1])
(257, 50, 256, [1, 2, 3, 4, 0], [0, 16, 32, 48, -1], [16, 32, 48, 64, -1])
(258, 53, 72, [1, 2, 3, 4, 0], [0, 16, 32, 48, -1], [16, 32, 48, 64, -1])
(259, 32, 256, [1, 2, 3, 4, 0], [0, 16, 32, 48, -1], [16, 32, 48, 64, -1])
(260, 218, 100, [1, 2, 3, 4, 0], [0, 16, 32, 48, -1], [16, 32, 48, 64, -1])
(261, 32, 106, [1, 2, 3, 4, 0], [0, 16, 32, 48, -1], [16, 32, 48, 64, -1])
(262, 32, 148, [1, 2, 3, 4, 0], [0, 16, 32, 48, -1], [16, 32, 48, 64, -1])
(263, 40, 75, [1, 2, 3, 4, 0], [0, 16, 32, 48, -1], [16, 32, 48, 64, -1])
(264, 63, 192, [1, 2, 3, 4, 0], [0, 16, 32, 48, -1], [16, 32, 48, 64, -1])
(265, 32, 124, [1, 2, 3, 4, 0], [0, 16, 32, 48, -1], [16, 32, 48, 64, -1])
(266, 32, 175, [1, 2, 3, 4, 0], [0, 16, 32, 48, -1], [16, 32, 48, 64, -1])
(267, 32, 199, [1, 2, 3, 4, 0], [0, 16, 32, 48, -1], [16, 32, 48, 64, -1])
(268, 71, 223, [1, 2, 3, 4, 0], [0, 16, 32, 48, -1], [16, 32, 48, 64, -1])
(269, 32, 158, [1, 2, 3, 4, 0], [0, 16, 32, 48, -1], [16, 32, 48, 64, -1])
(270, 32, 144, [1, 2, 3, 4, 0], [0, 16, 32, 48, -1], [16, 32, 48, 64, -1])
(271, 256, 116, [1, 2, 3, 4, 0], [0, 16, 32, 48, -1], [16, 32, 48, 64, -1])
(272, 32, 248, [1, 2, 3, 4, 0], [0, 16, 32, 48, -1], [16, 32, 48, 64, -1])
(273, 32, 160, [1, 2, 3, 4, 0], [0, 16, 32, 48, -1], [16, 32, 48, 64, -1])
(274, 32, 141, [1, 2, 3, 4, 0], [0, 16, 32, 48, -1], [16, 32, 48, 64, -1])
(275, 53, 66, [1, 2, 3, 4, 0], [0, 16, 32, 48, -1], [16, 32, 48, 64, -1])
(276, 32, 229, [1, 2, 3, 4, 0], [0, 16, 32, 48, -1], [16, 32, 48, 64, -1])
(277, 32, 184, [1, 2, 3, 4, 0], [0, 16, 32, 48, -1], [16, 32, 48, 64, -1])
(278, 32, 242, [1, 2, 3, 4, 0], [0, 16, 32, 48, -1], [16, 32, 48, 64, -1])
(279, 256, 101, [1, 2, 3, 4, 0], [0, 16, 32, 48, -1], [16, 32, 48, 64, -1])
(280, 32, 177, [1, 2, 3, 4, 0], [0, 16, 32, 48, -1], [16, 32, 48, 64, -1])
(281, 32, 115, [1, 2, 3, 4, 0], [0, 16, 32, 48, -1], [16, 32, 48, 64, -1])
(282, 137, 214, [1, 2, 3, 4, 0], [0, 16, 32, 48, -1], [16, 32, 48, 64, -1])
(283, 32, 254, [1, 2, 3, 4, 0], [0, 16, 32, 48, -1], [16, 32, 48, 64, -1])
(284, 32, 209, [1, 2, 3, 4, 0], [0, 16, 32, 48, -1], [16, 32, 48, 64, -1])
(285, 32, 76, [1, 2, 3, 4, 0], [0, 16, 32, 48, -1], [16, 32, 48, 64, -1])
(286, 32, 167, [1, 2, 3, 4, 0], [0, 16, 32, 48, -1], [16, 32, 48, 64, -1])
(287, 128, 142, [1, 2, 3, 4, 0], [0, 16, 32, 48, -1], [16, 32, 48, 64, -1])
(288, 32, 88, [1, 2, 3, 4, 0], [0, 16, 32, 48, -1], [16, 32, 48, 64, -1])
(289, 32, 202, [1, 2, 3, 4, 0], [0, 16, 32, 48, -1], [16, 32, 48, 64, -1])
(290, 32, 87, [1, 2, 3, 4, 0], [0, 16, 32, 48, -1], [16, 32, 48, 64, -1])
(291, 32, 153, [1, 2, 3, 4, 0], [0, 16, 32, 48, -1], [16, 32, 48, 64, -1])
(292, 32, 224, [1, 2, 3, 4, 0], [0, 16, 32, 48, -1], [16, 32, 48, 64, -1])
(293, 256, 183, [1, 2, 3, 4, 0], [0, 16, 32, 48, -1], [16, 32, 48, 64, -1])
(294, 32, 223, [1, 2, 3, 4, 0], [0, 16, 32, 48, -1], [16, 32, 48, 64, -1])
(295, 256, 132, [1, 2, 3, 4, 0], [0, 16, 32, 48, -1], [16, 32, 48, 64, -1])
(296, 32, 177, [1, 2, 3, 4, 0], [0, 16, 32, 48, -1], [16, 32, 48, 64, -1])
(297, 39, 212, [1, 2, 3, 4, 0], [0, 16, 32, 48, -1], [16, 32, 48, 64, -1])
(298, 256, 101, [1, 2, 3, 4, 0], [0, 16, 32, 48, -1], [16, 32, 48, 64, -1])
(299, 133, 206, [1, 2, 3, 4, 0], [0, 16, 32, 48, -1], [16, 32, 48, 64, -1])
(300, 32, 52, [1, 2, 3, 4, 0], [0, 16, 32, 48, -1], [16, 32, 48, 64, -1])
(301, 39, 230, [1, 2, 3, 4, 0], [0, 16, 32, 48, -1], [16, 32, 48, 64, -1])
(302, 32, 131, [1, 2, 3, 4, 0], [0, 16, 32, 48, -1], [16, 32, 48, 64, -1])
(303, 39, 132, [1, 2, 3, 4, 0], [0, 16, 32, 48, -1], [16, 32, 48, 64, -1])
(304, 32, 184, [1, 2, 3, 4, 0], [0, 16, 32, 48, -1], [16, 32, 48, 64, -1])
(305, 35, 115, [1, 2, 3, 4, 0], [0, 16, 32, 48, -1], [16, 32, 48, 64, -1])
(306, 39, 250, [1, 2, 3, 4, 0], [0, 16, 32, 48, -1], [16, 32, 48, 64, -1])
(307, 40, 147, [1, 2, 3, 4, 0], [0, 16, 32, 48, -1], [16, 32, 48, 64, -1])
(308, 32, 125, [1, 2, 3, 4, 0], [0, 16, 32, 48, -1], [16, 32, 48, 64, -1])
(309, 32, 230, [1, 2, 3, 4, 0], [0, 16, 32, 48, -1], [16, 32, 48, 64, -1])
(310, 32, 170, [1, 2, 3, 4, 0], [0, 16, 32, 48, -1], [16, 32, 48, 64, -1])
(311, 32, 254, [1, 2, 3, 4, 0], [0, 16, 32, 48, -1], [16, 32, 48, 64, -1])
(312, 32, 182, [1, 2, 3, 4, 0], [0, 16, 32, 48, -1], [16, 32, 48, 64, -1])
(313, 32, 60, [1, 2, 3, 4, 0], [0, 16, 32, 48, -1], [16, 32, 48, 64, -1])
(314, 32, 107, [1, 2, 3, 4, 0], [0, 16, 32, 48, -1], [16, 32, 48, 64, -1])
(315, 67, 60, [1, 2, 3, 4, 0], [0, 16, 32, 48, -1], [16, 32, 48, 64, -1])
(316, 32, 53, [1, 2, 3, 4, 0], [0, 16, 32, 48, -1], [16, 32, 48, 64, -1])
(317, 58, 164, [1, 2, 3, 4, 0], [0, 16, 32, 48, -1], [16, 32, 48, 64, -1])
(318, 61, 91, [1, 2, 3, 4, 0], [0, 16, 32, 48, -1], [16, 32, 48, 64, -1])
(319, 32, 88, [1, 2, 3, 4, 0], [0, 16, 32, 48, -1], [16, 32, 48, 64, -1])
(320, 37, 217, [1, 2, 3, 4, 0], [0, 16, 32, 48, -1], [16, 32, 48, 64, -1])
(321, 32, 145, [1, 2, 3, 4, 0], [0, 16, 32, 48, -1], [16, 32, 48, 64, -1])
(322, 32, 147, [1, 2, 3, 4, 0], [0, 16, 32, 48, -1], [16, 32, 48, 64, -1])
(323, 32, 185, [1, 2, 3, 4, 0], [0, 16, 32, 48, -1], [16, 32, 48, 64, -1])
(324, 256, 58, [1, 2, 3, 4, 0], [0, 16, 32, 48, -1], [16, 32, 48, 64, -1])
(325, 32, 73, [1, 2, 3, 4, 0], [0, 16, 32, 48, -1], [16, 32, 48, 64, -1])
(326, 32, 253, [1, 2, 3, 4, 0], [0, 16, 32, 48, -1], [16, 32, 48, 64, -1])
(327, 32, 182, [1, 2, 3, 4, 0], [0, 16, 32, 48, -1], [16, 32, 48, 64, -1])
(328, 48, 203, [1, 2, 3, 4, 0], [0, 16, 32, 48, -1], [16, 32, 48, 64, -1])
(329, 32, 241, [1, 2, 3, 4, 0], [0, 16, 32, 48, -1], [16, 32, 48, 64, -1])
(330, 32, 243, [1, 2, 3, 4, 0], [0, 16, 32, 48, -1], [16, 32, 48, 64, -1])
(331, 32, 124, [1, 2, 3, 4, 0], [0, 16, 32, 48, -1], [16, 32, 48, 64, -1])
(332, 32, 203, [1, 2, 3, 4, 0], [0, 16, 32, 48, -1], [16, 32, 48, 64, -1])
(333, 32, 173, [1, 2, 3, 4, 0], [0, 16, 32, 48, -1], [16, 32, 48, 64, -1])
(334, 32, 252, [1, 2, 3, 4, 0], [0, 16, 32, 48, -1], [16, 32, 48, 64, -1])
(335, 32, 205, [1, 2, 3, 4, 0], [0, 16, 32, 48, -1], [16, 32, 48, 64, -1])
(336, 256, 109, [1, 2, 3, 4, 0], [0, 16, 32, 48, -1], [16, 32, 48, 64, -1])
(337, 32, 254, [1, 2, 3, 4, 0], [0, 16, 32, 48, -1], [16, 32, 48, 64, -1])
(338, 32, 218, [1, 2, 3, 4, 0], [0, 16, 32, 48, -1], [16, 32, 48, 64, -1])
(339, 32, 50, [1, 2, 3, 4, 0], [0, 16, 32, 48, -1], [16, 32, 48, 64, -1])
(340, 45, 96, [1, 2, 3, 4, 0], [0, 16, 32, 48, -1], [16, 32, 48, 64, -1])
(341, 32, 179, [1, 2, 3, 4, 0], [0, 16, 32, 48, -1], [16, 32, 48, 64, -1])
(342, 32, 115, [1, 2, 3, 4, 0], [0, 16, 32, 48, -1], [16, 32, 48, 64, -1])
(343, 32, 66, [1, 2, 3, 4, 0], [0, 16, 32, 48, -1], [16, 32, 48, 64, -1])
(344, 78, 117, [1, 2, 3, 4, 0], [0, 16, 32, 48, -1], [16, 32, 48, 64, -1])
(345, 32, 127, [1, 2, 3, 4, 0], [0, 16, 32, 48, -1], [16, 32, 48, 64, -1])
(346, 32, 154, [1, 2, 3, 4, 0], [0, 16, 32, 48, -1], [16, 32, 48, 64, -1])
(347, 32, 148, [1, 2, 3, 4, 0], [0, 16, 32, 48, -1], [16, 32, 48, 64, -1])
(348, 32, 91, [1, 2, 3, 4, 0], [0, 16, 32, 48, -1], [16, 32, 48, 64, -1])
(349, 83, 82, [1, 2, 3, 4, 0], [0, 16, 32, 48, -1], [16, 32, 48, 64, -1])
(350, 106, 123, [1, 2, 3, 4, 0], [0, 16, 32, 48, -1], [16, 32, 48, 64, -1])
(351, 256, 135, [1, 2, 3, 4, 0], [0, 16, 32, 48, -1], [16, 32, 48, 64, -1])
(352, 32, 59, [1, 2, 3, 4, 0], [0, 16, 32, 48, -1], [16, 32, 48, 64, -1])
(353, 49, 156, [1, 2, 3, 4, 0], [0, 16, 32, 48, -1], [16, 32, 48, 64, -1])
(354, 32, 175, [1, 2, 3, 4, 0], [0, 16, 32, 48, -1], [16, 32, 48, 64, -1])
(355, 32, 204, [1, 2, 3, 4, 0], [0, 16, 32, 48, -1], [16, 32, 48, 64, -1])
(356, 57, 70, [1, 2, 3, 4, 0], [0, 16, 32, 48, -1], [16, 32, 48, 64, -1])
(357, 32, 228, [1, 2, 3, 4, 0], [0, 16, 32, 48, -1], [16, 32, 48, 64, -1])
(358, 256, 140, [1, 2, 3, 4, 0], [0, 16, 32, 48, -1], [16, 32, 48, 64, -1])
(359, 32, 59, [1, 2, 3, 4, 0], [0, 16, 32, 48, -1], [16, 32, 48, 64, -1])
(360, 39, 169, [1, 2, 3, 4, 0], [0, 16, 32, 48, -1], [16, 32, 48, 64, -1])
(361, 32, 167, [1, 2, 3, 4, 0], [0, 16, 32, 48, -1], [16, 32, 48, 64, -1])
(362, 32, 75, [1, 2, 3, 4, 0], [0, 16, 32, 48, -1], [16, 32, 48, 64, -1])
(363, 32, 249, [1, 2, 3, 4, 0], [0, 16, 32, 48, -1], [16, 32, 48, 64, -1])
(364, 228, 55, [1, 2, 3, 4, 0], [0, 16, 32, 48, -1], [16, 32, 48, 64, -1])
(365, 32, 203, [1, 2, 3, 4, 0], [0, 16, 32, 48, -1], [16, 32, 48, 64, -1])
(366, 143, 83, [1, 2, 3, 4, 0], [0, 16, 32, 48, -1], [16, 32, 48, 64, -1])
(367, 32, 132, [1, 2, 3, 4, 0], [0, 16, 32, 48, -1], [16, 32, 48, 64, -1])
(368, 32, 229, [1, 2, 3, 4, 0], [0, 16, 32, 48, -1], [16, 32, 48, 64, -1])
(369, 32, 216, [1, 2, 3, 4, 0], [0, 16, 32, 48, -1], [16, 32, 48, 64, -1])
(370, 32, 99, [1, 2, 3, 4, 0], [0, 16, 32, 48, -1], [16, 32, 48, 64, -1])
(371, 37, 250, [1, 2, 3, 4, 0], [0, 16, 32, 48, -1], [16, 32, 48, 64, -1])
(372, 32, 249, [1, 2, 3, 4, 0], [0, 16, 32, 48, -1], [16, 32, 48, 64, -1])
(373, 32, 78, [1, 2, 3, 4, 0], [0, 16, 32, 48, -1], [16, 32, 48, 64, -1])
(374, 32, 65, [1, 2, 3, 4, 0], [0, 16, 32, 48, -1], [16, 32, 48, 64, -1])
(375, 32, 229, [1, 2, 3, 4, 0], [0, 16, 32, 48, -1], [16, 32, 48, 64, -1])
(376, 32, 207, [1, 2, 3, 4, 0], [0, 16, 32, 48, -1], [16, 32, 48, 64, -1])
(377, 32, 136, [1, 2, 3, 4, 0], [0, 16, 32, 48, -1], [16, 32, 48, 64, -1])
(378, 46, 81, [1, 2, 3, 4, 0], [0, 16, 32, 48, -1], [16, 32, 48, 64, -1])
(379, 32, 232, [1, 2, 3, 4, 0], [0, 16, 32, 48, -1], [16, 32, 48, 64, -1])
(380, 32, 125, [1, 2, 3, 4, 0], [0, 16, 32, 48, -1], [16, 32, 48, 64, -1])
(381, 32, 82, [1, 2, 3, 4, 0], [0, 16, 32, 48, -1], [16, 32, 48, 64, -1])
(382, 32, 149, [1, 2, 3, 4, 0], [0, 16, 32, 48, -1], [16, 32, 48, 64, -1])
(383, 55, 125, [1, 2, 3, 4, 0], [0, 16, 32, 48, -1], [16, 32, 48, 64, -1])
(384, 32, 240, [1, 2, 3, 4, 0], [0, 16, 32, 48, -1], [16, 32, 48, 64, -1])
(385, 32, 224, [1, 2, 3, 4, 0], [0, 16, 32, 48, -1], [16, 32, 48, 64, -1])
(386, 44, 81, [1, 2, 3, 4, 0], [0, 16, 32, 48, -1], [16, 32, 48, 64, -1])
(387, 256, 251, [1, 2, 3, 4, 0], [0, 16, 32, 48, -1], [16, 32, 48, 64, -1])
(388, 32, 59, [1, 2, 3, 4, 0], [0, 16, 32, 48, -1], [16, 32, 48, 64, -1])
(389, 32, 150, [1, 2, 3, 4, 0], [0, 16, 32, 48, -1], [16, 32, 48, 64, -1])
(390, 135, 145, [1, 2, 3, 4, 0], [0, 16, 32, 48, -1], [16, 32, 48, 64, -1])
(391, 32, 98, [1, 2, 3, 4, 0], [0, 16, 32, 48, -1], [16, 32, 48, 64, -1])
(392, 32, 141, [1, 2, 3, 4, 0], [0, 16, 32, 48, -1], [16, 32, 48, 64, -1])
(393, 32, 211, [1, 2, 3, 4, 0], [0, 16, 32, 48, -1], [16, 32, 48, 64, -1])
(394, 87, 61, [1, 2, 3, 4, 0], [0, 16, 32, 48, -1], [16, 32, 48, 64, -1])
(395, 48, 60, [1, 2, 3, 4, 0], [0, 16, 32, 48, -1], [16, 32, 48, 64, -1])
(396, 32, 115, [1, 2, 3, 4, 0], [0, 16, 32, 48, -1], [16, 32, 48, 64, -1])
(397, 32, 56, [1, 2, 3, 4, 0], [0, 16, 32, 48, -1], [16, 32, 48, 64, -1])
(398, 32, 220, [1, 2, 3, 4, 0], [0, 16, 32, 48, -1], [16, 32, 48, 64, -1])
(399, 32, 196, [1, 2, 3, 4, 0], [0, 16, 32, 48, -1], [16, 32, 48, 64, -1])
(400, 32, 105, [1, 2, 3, 4, 0], [0, 16, 32, 48, -1], [16, 32, 48, 64, -1])
(401, 32, 73, [1, 2, 3, 4, 0], [0, 16, 32, 48, -1], [16, 32, 48, 64, -1])
(402, 32, 210, [1, 2, 3, 4, 0], [0, 16, 32, 48, -1], [16, 32, 48, 64, -1])
(403, 136, 178, [1, 2, 3, 4, 0], [0, 16, 32, 48, -1], [16, 32, 48, 64, -1])
(404, 32, 184, [1, 2, 3, 4, 0], [0, 16, 32, 48, -1], [16, 32, 48, 64, -1])
(405, 32, 179, [1, 2, 3, 4, 0], [0, 16, 32, 48, -1], [16, 32, 48, 64, -1])
(406, 32, 79, [1, 2, 3, 4, 0], [0, 16, 32, 48, -1], [16, 32, 48, 64, -1])
(407, 54, 159, [1, 2, 3, 4, 0], [0, 16, 32, 48, -1], [16, 32, 48, 64, -1])
(408, 32, 194, [1, 2, 3, 4, 0], [0, 16, 32, 48, -1], [16, 32, 48, 64, -1])
(409, 32, 71, [1, 2, 3, 4, 0], [0, 16, 32, 48, -1], [16, 32, 48, 64, -1])
(410, 32, 156, [1, 2, 3, 4, 0], [0, 16, 32, 48, -1], [16, 32, 48, 64, -1])
(411, 32, 75, [1, 2, 3, 4, 0], [0, 16, 32, 48, -1], [16, 32, 48, 64, -1])
(412, 32, 248, [1, 2, 3, 4, 0], [0, 16, 32, 48, -1], [16, 32, 48, 64, -1])
(413, 32, 237, [1, 2, 3, 4, 0], [0, 16, 32, 48, -1], [16, 32, 48, 64, -1])
(414, 32, 252, [1, 2, 3, 4, 0], [0, 16, 32, 48, -1], [16, 32, 48, 64, -1])
(415, 32, 160, [1, 2, 3, 4, 0], [0, 16, 32, 48, -1], [16, 32, 48, 64, -1])
(416, 32, 156, [1, 2, 3, 4, 0], [0, 16, 32, 48, -1], [16, 32, 48, 64, -1])
(417, 32, 177, [1, 2, 3, 4, 0], [0, 16, 32, 48, -1], [16, 32, 48, 64, -1])
(418, 32, 133, [1, 2, 3, 4, 0], [0, 16, 32, 48, -1], [16, 32, 48, 64, -1])
(419, 32, 114, [1, 2, 3, 4, 0], [0, 16, 32, 48, -1], [16, 32, 48, 64, -1])
(420, 91, 140, [1, 2, 3, 4, 0], [0, 16, 32, 48, -1], [16, 32, 48, 64, -1])
(421, 42, 81, [1, 2, 3, 4, 0], [0, 16, 32, 48, -1], [16, 32, 48, 64, -1])
(422, 157, 227, [1, 2, 3, 4, 0], [0, 16, 32, 48, -1], [16, 32, 48, 64, -1])
(423, 226, 138, [1, 2, 3, 4, 0], [0, 16, 32, 48, -1], [16, 32, 48, 64, -1])
(424, 32, 95, [1, 2, 3, 4, 0], [0, 16, 32, 48, -1], [16, 32, 48, 64, -1])
(425, 57, 109, [1, 2, 3, 4, 0], [0, 16, 32, 48, -1], [16, 32, 48, 64, -1])
(426, 32, 143, [1, 2, 3, 4, 0], [0, 16, 32, 48, -1], [16, 32, 48, 64, -1])
(427, 32, 202, [1, 2, 3, 4, 0], [0, 16, 32, 48, -1], [16, 32, 48, 64, -1])
(428, 32, 86, [1, 2, 3, 4, 0], [0, 16, 32, 48, -1], [16, 32, 48, 64, -1])
(429, 32, 50, [1, 2, 3, 4, 0], [0, 16, 32, 48, -1], [16, 32, 48, 64, -1])
(430, 32, 218, [1, 2, 3, 4, 0], [0, 16, 32, 48, -1], [16, 32, 48, 64, -1])
(431, 32, 237, [1, 2, 3, 4, 0], [0, 16, 32, 48, -1], [16, 32, 48, 64, -1])
(432, 32, 81, [1, 2, 3, 4, 0], [0, 16, 32, 48, -1], [16, 32, 48, 64, -1])
(433, 32, 51, [1, 2, 3, 4, 0], [0, 16, 32, 48, -1], [16, 32, 48, 64, -1])
(434, 32, 144, [1, 2, 3, 4, 0], [0, 16, 32, 48, -1], [16, 32, 48, 64, -1])
(435, 32, 56, [1, 2, 3, 4, 0], [0, 16, 32, 48, -1], [16, 32, 48, 64, -1])
(436, 32, 109, [1, 2, 3, 4, 0], [0, 16, 32, 48, -1], [16, 32, 48, 64, -1])
(437, 32, 86, [1, 2, 3, 4, 0], [0, 16, 32, 48, -1], [16, 32, 48, 64, -1])
(438, 32, 166, [1, 2, 3, 4, 0], [0, 16, 32, 48, -1], [16, 32, 48, 64, -1])
(439, 32, 172, [1, 2, 3, 4, 0], [0, 16, 32, 48, -1], [16, 32, 48, 64, -1])
(440, 32, 231, [1, 2, 3, 4, 0], [0, 16, 32, 48, -1], [16, 32, 48, 64, -1])
(441, 32, 83, [1, 2, 3, 4, 0], [0, 16, 32, 48, -1], [16, 32, 48, 64, -1])
(442, 50, 103, [1, 2, 3, 4, 0], [0, 16, 32, 48, -1], [16, 32, 48, 64, -1])
(443, 55, 135, [1, 2, 3, 4, 0], [0, 16, 32, 48, -1], [16, 32, 48, 64, -1])
(444, 75, 124, [1, 2, 3, 4, 0], [0, 16, 32, 48, -1], [16, 32, 48, 64, -1])
(445, 32, 191, [1, 2, 3, 4, 0], [0, 16, 32, 48, -1], [16, 32, 48, 64, -1])
(446, 33, 133, [1, 2, 3, 4, 0], [0, 16, 32, 48, -1], [16, 32, 48, 64, -1])
(447, 71, 201, [1, 2, 3, 4, 0], [0, 16, 32, 48, -1], [16, 32, 48, 64, -1])
(448, 32, 76, [1, 2, 3, 4, 0], [0, 16, 32, 48, -1], [16, 32, 48, 64, -1])
(449, 72, 198, [1, 2, 3, 4, 0], [0, 16, 32, 48, -1], [16, 32, 48, 64, -1])
(450, 32, 90, [1, 2, 3, 4, 0], [0, 16, 32, 48, -1], [16, 32, 48, 64, -1])
(451, 32, 87, [1, 2, 3, 4, 0], [0, 16, 32, 48, -1], [16, 32, 48, 64, -1])
(452, 32, 255, [1, 2, 3, 4, 0], [0, 16, 32, 48, -1], [16, 32, 48, 64, -1])
(453, 41, 130, [1, 2, 3, 4, 0], [0, 16, 32, 48, -1], [16, 32, 48, 64, -1])
(454, 122, 112, [1, 2, 3, 4, 0], [0, 16, 32, 48, -1], [16, 32, 48, 64, -1])
(455, 32, 243, [1, 2, 3, 4, 0], [0, 16, 32, 48, -1], [16, 32, 48, 64, -1])
(456, 32, 124, [1, 2, 3, 4, 0], [0, 16, 32, 48, -1], [16, 32, 48, 64, -1])
(457, 32, 157, [1, 2, 3, 4, 0], [0, 16, 32, 48, -1], [16, 32, 48, 64, -1])
(458, 32, 61, [1, 2, 3, 4, 0], [0, 16, 32, 48, -1], [16, 32, 48, 64, -1])
(459, 39, 83, [1, 2, 3, 4, 0], [0, 16, 32, 48, -1], [16, 32, 48, 64, -1])
(460, 32, 55, [1, 2, 3, 4, 0], [0, 16, 32, 48, -1], [16, 32, 48, 64, -1])
(461, 63, 69, [1, 2, 3, 4, 0], [0, 16, 32, 48, -1], [16, 32, 48, 64, -1])
(462, 188, 68, [1, 2, 3, 4, 0], [0, 16, 32, 48, -1], [16, 32, 48, 64, -1])
(463, 62, 157, [1, 2, 3, 4, 0], [0, 16, 32, 48, -1], [16, 32, 48, 64, -1])
(464, 32, 190, [1, 2, 3, 4, 0], [0, 16, 32, 48, -1], [16, 32, 48, 64, -1])
(465, 127, 239, [1, 2, 3, 4, 0], [0, 16, 32, 48, -1], [16, 32, 48, 64, -1])
(466, 61, 86, [1, 2, 3, 4, 0], [0, 16, 32, 48, -1], [16, 32, 48, 64, -1])
(467, 32, 158, [1, 2, 3, 4, 0], [0, 16, 32, 48, -1], [16, 32, 48, 64, -1])
(468, 32, 213, [1, 2, 3, 4, 0], [0, 16, 32, 48, -1], [16, 32, 48, 64, -1])
(469, 32, 71, [1, 2, 3, 4, 0], [0, 16, 32, 48, -1], [16, 32, 48, 64, -1])
(470, 115, 163, [1, 2, 3, 4, 0], [0, 16, 32, 48, -1], [16, 32, 48, 64, -1])
(471, 32, 144, [1, 2, 3, 4, 0], [0, 16, 32, 48, -1], [16, 32, 48, 64, -1])
(472, 32, 185, [1, 2, 3, 4, 0], [0, 16, 32, 48, -1], [16, 32, 48, 64, -1])
(473, 68, 146, [1, 2, 3, 4, 0], [0, 16, 32, 48, -1], [16, 32, 48, 64, -1])
(474, 256, 52, [1, 2, 3, 4, 0], [0, 16, 32, 48, -1], [16, 32, 48, 64, -1])
(475, 32, 236, [1, 2, 3, 4, 0], [0, 16, 32, 48, -1], [16, 32, 48, 64, -1])
(476, 32, 132, [1, 2, 3, 4, 0], [0, 16, 32, 48, -1], [16, 32, 48, 64, -1])
(477, 32, 102, [1, 2, 3, 4, 0], [0, 16, 32, 48, -1], [16, 32, 48, 64, -1])
(478, 256, 125, [1, 2, 3, 4, 0], [0, 16, 32, 48, -1], [16, 32, 48, 64, -1])
(479, 32, 73, [1, 2, 3, 4, 0], [0, 16, 32, 48, -1], [16, 32, 48, 64, -1])
(480, 32, 253, [1, 2, 3, 4, 0], [0, 16, 32, 48, -1], [16, 32, 48, 64, -1])
(481, 256, 120, [1, 2, 3, 4, 0], [0, 16, 32, 48, -1], [16, 32, 48, 64, -1])
(482, 74, 192, [1, 2, 3, 4, 0], [0, 16, 32, 48, -1], [16, 32, 48, 64, -1])
(483, 65, 226, [1, 2, 3, 4, 0], [0, 16, 32, 48, -1], [16, 32, 48, 64, -1])
(484, 32, 253, [1, 2, 3, 4, 0], [0, 16, 32, 48, -1], [16, 32, 48, 64, -1])
(485, 32, 164, [1, 2, 3, 4, 0], [0, 16, 32, 48, -1], [16, 32, 48, 64, -1])
(486, 40, 97, [1, 2, 3, 4, 0], [0, 16, 32, 48, -1], [16, 32, 48, 64, -1])
(487, 32, 157, [1, 2, 3, 4, 0], [0, 16, 32, 48, -1], [16, 32, 48, 64, -1])
(488, 32, 94, [1, 2, 3, 4, 0], [0, 16, 32, 48, -1], [16, 32, 48, 64, -1])
(489, 150, 166, [1, 2, 3, 4, 0], [0, 16, 32, 48, -1], [16, 32, 48, 64, -1])
(490, 32, 183, [1, 2, 3, 4, 0], [0, 16, 32, 48, -1], [16, 32, 48, 64, -1])
(491, 256, 140, [1, 2, 3, 4, 0], [0, 16, 32, 48, -1], [16, 32, 48, 64, -1])
(492, 32, 211, [1, 2, 3, 4, 0], [0, 16, 32, 48, -1], [16, 32, 48, 64, -1])
(493, 70, 72, [1, 2, 3, 4, 0], [0, 16, 32, 48, -1], [16, 32, 48, 64, -1])
(494, 59, 243, [1, 2, 3, 4, 0], [0, 16, 32, 48, -1], [16, 32, 48, 64, -1])
(495, 32, 125, [1, 2, 3, 4, 0], [0, 16, 32, 48, -1], [16, 32, 48, 64, -1])
(496, 32, 228, [1, 2, 3, 4, 0], [0, 16, 32, 48, -1], [16, 32, 48, 64, -1])
(497, 32, 208, [1, 2, 3, 4, 0], [0, 16, 32, 48, -1], [16, 32, 48, 64, -1])
(498, 87, 51, [1, 2, 3, 4, 0], [0, 16, 32, 48, -1], [16, 32, 48, 64, -1])
(499, 87, 126, [1, 2, 3, 4, 0], [0, 16, 32, 48, -1], [16, 32, 48, 64, -1])
(500, 32, 246, [1, 2, 3, 4, 0], [0, 16, 32, 48, -1], [16, 32, 48, 64, -1])
(501, 32, 127, [1, 2, 3, 4, 0], [0, 16, 32, 48, -1], [16, 32, 48, 64, -1])
(502, 223, 205, [1, 2, 3, 4, 0], [0, 16, 32, 48, -1], [16, 32, 48, 64, -1])
(503, 32, 158, [1, 2, 3, 4, 0], [0, 16, 32, 48, -1], [16, 32, 48, 64, -1])
(504, 32, 242, [1, 2, 3, 4, 0], [0, 16, 32, 48, -1], [16, 32, 48, 64, -1])
(505, 32, 73, [1, 2, 3, 4, 0], [0, 16, 32, 48, -1], [16, 32, 48, 64, -1])
(506, 70, 177, [1, 2, 3, 4, 0], [0, 16, 32, 48, -1], [16, 32, 48, 64, -1])
(507, 32, 109, [1, 2, 3, 4, 0], [0, 16, 32, 48, -1], [16, 32, 48, 64, -1])
(508, 32, 245, [1, 2, 3, 4, 0], [0, 16, 32, 48, -1], [16, 32, 48, 64, -1])
(509, 32, 121, [1, 2, 3, 4, 0], [0, 16, 32, 48, -1], [16, 32, 48, 64, -1])
(510, 32, 55, [1, 2, 3, 4, 0], [0, 16, 32, 48, -1], [16, 32, 48, 64, -1])
(511, 32, 119, [1, 2, 3, 4, 0], [0, 16, 32, 48, -1], [16, 32, 48, 64, -1])
(512, 32, 221, [1, 2, 3, 4, 0], [0, 16, 32, 48, -1], [16, 32, 48, 64, -1])
(513, 132, 50, [1, 2, 3, 4, 0], [0, 16, 32, 48, -1], [16, 32, 48, 64, -1])
(514, 32, 151, [1, 2, 3, 4, 0], [0, 16, 32, 48, -1], [16, 32, 48, 64, -1])
(515, 42, 198, [1, 2, 3, 4, 0], [0, 16, 32, 48, -1], [16, 32, 48, 64, -1])
(516, 32, 151, [1, 2, 3, 4, 0], [0, 16, 32, 48, -1], [16, 32, 48, 64, -1])
(517, 32, 76, [1, 2, 3, 4, 0], [0, 16, 32, 48, -1], [16, 32, 48, 64, -1])
(518, 32, 114, [1, 2, 3, 4, 0], [0, 16, 32, 48, -1], [16, 32, 48, 64, -1])
(519, 32, 122, [1, 2, 3, 4, 0], [0, 16, 32, 48, -1], [16, 32, 48, 64, -1])
(520, 32, 243, [1, 2, 3, 4, 0], [0, 16, 32, 48, -1], [16, 32, 48, 64, -1])
(521, 52, 100, [1, 2, 3, 4, 0], [0, 16, 32, 48, -1], [16, 32, 48, 64, -1])
(522, 39, 71, [1, 2, 3, 4, 0], [0, 16, 32, 48, -1], [16, 32, 48, 64, -1])
(523, 32, 68, [1, 2, 3, 4, 0], [0, 16, 32, 48, -1], [16, 32, 48, 64, -1])
(524, 32, 117, [1, 2, 3, 4, 0], [0, 16, 32, 48, -1], [16, 32, 48, 64, -1])
(525, 75, 186, [1, 2, 3, 4, 0], [0, 16, 32, 48, -1], [16, 32, 48, 64, -1])
(526, 32, 80, [1, 2, 3, 4, 0], [0, 16, 32, 48, -1], [16, 32, 48, 64, -1])
(527, 32, 113, [1, 2, 3, 4, 0], [0, 16, 32, 48, -1], [16, 32, 48, 64, -1])
(528, 32, 245, [1, 2, 3, 4, 0], [0, 16, 32, 48, -1], [16, 32, 48, 64, -1])
(529, 32, 67, [1, 2, 3, 4, 0], [0, 16, 32, 48, -1], [16, 32, 48, 64, -1])
(530, 40, 124, [1, 2, 3, 4, 0], [0, 16, 32, 48, -1], [16, 32, 48, 64, -1])
(531, 32, 183, [1, 2, 3, 4, 0], [0, 16, 32, 48, -1], [16, 32, 48, 64, -1])
(532, 32, 196, [1, 2, 3, 4, 0], [0, 16, 32, 48, -1], [16, 32, 48, 64, -1])
(533, 32, 210, [1, 2, 3, 4, 0], [0, 16, 32, 48, -1], [16, 32, 48, 64, -1])
(534, 32, 186, [1, 2, 3, 4, 0], [0, 16, 32, 48, -1], [16, 32, 48, 64, -1])
(535, 39, 155, [1, 2, 3, 4, 0], [0, 16, 32, 48, -1], [16, 32, 48, 64, -1])
(536, 219, 189, [1, 2, 3, 4, 0], [0, 16, 32, 48, -1], [16, 32, 48, 64, -1])
(537, 32, 239, [1, 2, 3, 4, 0], [0, 16, 32, 48, -1], [16, 32, 48, 64, -1])
(538, 32, 251, [1, 2, 3, 4, 0], [0, 16, 32, 48, -1], [16, 32, 48, 64, -1])
(539, 91, 124, [1, 2, 3, 4, 0], [0, 16, 32, 48, -1], [16, 32, 48, 64, -1])
(540, 254, 145, [1, 2, 3, 4, 0], [0, 16, 32, 48, -1], [16, 32, 48, 64, -1])
(541, 32, 210, [1, 2, 3, 4, 0], [0, 16, 32, 48, -1], [16, 32, 48, 64, -1])
(542, 32, 90, [1, 2, 3, 4, 0], [0, 16, 32, 48, -1], [16, 32, 48, 64, -1])
(543, 126, 228, [1, 2, 3, 4, 0], [0, 16, 32, 48, -1], [16, 32, 48, 64, -1])
(544, 256, 147, [1, 2, 3, 4, 0], [0, 16, 32, 48, -1], [16, 32, 48, 64, -1])
(545, 32, 201, [1, 2, 3, 4, 0], [0, 16, 32, 48, -1], [16, 32, 48, 64, -1])
(546, 32, 85, [1, 2, 3, 4, 0], [0, 16, 32, 48, -1], [16, 32, 48, 64, -1])
(547, 37, 221, [1, 2, 3, 4, 0], [0, 16, 32, 48, -1], [16, 32, 48, 64, -1])
(548, 32, 140, [1, 2, 3, 4, 0], [0, 16, 32, 48, -1], [16, 32, 48, 64, -1])
(549, 32, 171, [1, 2, 3, 4, 0], [0, 16, 32, 48, -1], [16, 32, 48, 64, -1])
(550, 44, 156, [1, 2, 3, 4, 0], [0, 16, 32, 48, -1], [16, 32, 48, 64, -1])
(551, 32, 172, [1, 2, 3, 4, 0], [0, 16, 32, 48, -1], [16, 32, 48, 64, -1])
(552, 32, 227, [1, 2, 3, 4, 0], [0, 16, 32, 48, -1], [16, 32, 48, 64, -1])
(553, 32, 131, [1, 2, 3, 4, 0], [0, 16, 32, 48, -1], [16, 32, 48, 64, -1])
(554, 32, 216, [1, 2, 3, 4, 0], [0, 16, 32, 48, -1], [16, 32, 48, 64, -1])
(555, 32, 163, [1, 2, 3, 4, 0], [0, 16, 32, 48, -1], [16, 32, 48, 64, -1])
(556, 32, 86, [1, 2, 3, 4, 0], [0, 16, 32, 48, -1], [16, 32, 48, 64, -1])
(557, 32, 176, [1, 2, 3, 4, 0], [0, 16, 32, 48, -1], [16, 32, 48, 64, -1])
(558, 256, 209, [1, 2, 3, 4, 0], [0, 16, 32, 48, -1], [16, 32, 48, 64, -1])
(559, 32, 56, [1, 2, 3, 4, 0], [0, 16, 32, 48, -1], [16, 32, 48, 64, -1])
(560, 32, 170, [1, 2, 3, 4, 0], [0, 16, 32, 48, -1], [16, 32, 48, 64, -1])
(561, 32, 52, [1, 2, 3, 4, 0], [0, 16, 32, 48, -1], [16, 32, 48, 64, -1])
(562, 32, 184, [1, 2, 3, 4, 0], [0, 16, 32, 48, -1], [16, 32, 48, 64, -1])
(563, 42, 225, [1, 2, 3, 4, 0], [0, 16, 32, 48, -1], [16, 32, 48, 64, -1])
(564, 32, 70, [1, 2, 3, 4, 0], [0, 16, 32, 48, -1], [16, 32, 48, 64, -1])
(565, 32, 239, [1, 2, 3, 4, 0], [0, 16, 32, 48, -1], [16, 32, 48, 64, -1])
(566, 32, 221, [1, 2, 3, 4, 0], [0, 16, 32, 48, -1], [16, 32, 48, 64, -1])
(567, 32, 51, [1, 2, 3, 4, 0], [0, 16, 32, 48, -1], [16, 32, 48, 64, -1])
(568, 62, 60, [1, 2, 3, 4, 0], [0, 16, 32, 48, -1], [16, 32, 48, 64, -1])
(569, 70, 208, [1, 2, 3, 4, 0], [0, 16, 32, 48, -1], [16, 32, 48, 64, -1])
(570, 32, 119, [1, 2, 3, 4, 0], [0, 16, 32, 48, -1], [16, 32, 48, 64, -1])
(571, 32, 213, [1, 2, 3, 4, 0], [0, 16, 32, 48, -1], [16, 32, 48, 64, -1])
(572, 36, 124, [1, 2, 3, 4, 0], [0, 16, 32, 48, -1], [16, 32, 48, 64, -1])
(573, 32, 108, [1, 2, 3, 4, 0], [0, 16, 32, 48, -1], [16, 32, 48, 64, -1])
(574, 32, 242, [1, 2, 3, 4, 0], [0, 16, 32, 48, -1], [16, 32, 48, 64, -1])
(575, 32, 123, [1, 2, 3, 4, 0], [0, 16, 32, 48, -1], [16, 32, 48, 64, -1])
(576, 32, 76, [1, 2, 3, 4, 0], [0, 16, 32, 48, -1], [16, 32, 48, 64, -1])
(577, 32, 167, [1, 2, 3, 4, 0], [0, 16, 32, 48, -1], [16, 32, 48, 64, -1])
(578, 104, 134, [1, 2, 3, 4, 0], [0, 16, 32, 48, -1], [16, 32, 48, 64, -1])
(579, 32, 93, [1, 2, 3, 4, 0], [0, 16, 32, 48, -1], [16, 32, 48, 64, -1])
(580, 32, 157, [1, 2, 3, 4, 0], [0, 16, 32, 48, -1], [16, 32, 48, 64, -1])
(581, 32, 225, [1, 2, 3, 4, 0], [0, 16, 32, 48, -1], [16, 32, 48, 64, -1])
(582, 32, 87, [1, 2, 3, 4, 0], [0, 16, 32, 48, -1], [16, 32, 48, 64, -1])
(583, 32, 231, [1, 2, 3, 4, 0], [0, 16, 32, 48, -1], [16, 32, 48, 64, -1])
(584, 32, 184, [1, 2, 3, 4, 0], [0, 16, 32, 48, -1], [16, 32, 48, 64, -1])
(585, 256, 83, [1, 2, 3, 4, 0], [0, 16, 32, 48, -1], [16, 32, 48, 64, -1])
(586, 32, 97, [1, 2, 3, 4, 0], [0, 16, 32, 48, -1], [16, 32, 48, 64, -1])
(587, 57, 139, [1, 2, 3, 4, 0], [0, 16, 32, 48, -1], [16, 32, 48, 64, -1])
(588, 46, 149, [1, 2, 3, 4, 0], [0, 16, 32, 48, -1], [16, 32, 48, 64, -1])
(589, 32, 256, [1, 2, 3, 4, 0], [0, 16, 32, 48, -1], [16, 32, 48, 64, -1])
(590, 156, 149, [1, 2, 3, 4, 0], [0, 16, 32, 48, -1], [16, 32, 48, 64, -1])
(591, 217, 106, [1, 2, 3, 4, 0], [0, 16, 32, 48, -1], [16, 32, 48, 64, -1])
(592, 33, 100, [1, 2, 3, 4, 0], [0, 16, 32, 48, -1], [16, 32, 48, 64, -1])
(593, 32, 102, [1, 2, 3, 4, 0], [0, 16, 32, 48, -1], [16, 32, 48, 64, -1])
(594, 32, 231, [1, 2, 3, 4, 0], [0, 16, 32, 48, -1], [16, 32, 48, 64, -1])
(595, 32, 149, [1, 2, 3, 4, 0], [0, 16, 32, 48, -1], [16, 32, 48, 64, -1])
(596, 32, 109, [1, 2, 3, 4, 0], [0, 16, 32, 48, -1], [16, 32, 48, 64, -1])
(597, 106, 71, [1, 2, 3, 4, 0], [0, 16, 32, 48, -1], [16, 32, 48, 64, -1])
(598, 32, 97, [1, 2, 3, 4, 0], [0, 16, 32, 48, -1], [16, 32, 48, 64, -1])
(599, 37, 64, [1, 2, 3, 4, 0], [0, 16, 32, 48, -1], [16, 32, 48, 64, -1])
(600, 59, 213, [1, 2, 3, 4, 0], [0, 16, 32, 48, -1], [16, 32, 48, 64, -1])
(601, 32, 94, [1, 2, 3, 4, 0], [0, 16, 32, 48, -1], [16, 32, 48, 64, -1])
(602, 32, 206, [1, 2, 3, 4, 0], [0, 16, 32, 48, -1], [16, 32, 48, 64, -1])
(603, 32, 206, [1, 2, 3, 4, 0], [0, 16, 32, 48, -1], [16, 32, 48, 64, -1])
(604, 32, 230, [1, 2, 3, 4, 0], [0, 16, 32, 48, -1], [16, 32, 48, 64, -1])
(605, 32, 181, [1, 2, 3, 4, 0], [0, 16, 32, 48, -1], [16, 32, 48, 64, -1])
(606, 32, 122, [1, 2, 3, 4, 0], [0, 16, 32, 48, -1], [16, 32, 48, 64, -1])
(607, 32, 140, [1, 2, 3, 4, 0], [0, 16, 32, 48, -1], [16, 32, 48, 64, -1])
(608, 32, 167, [1, 2, 3, 4, 0], [0, 16, 32, 48, -1], [16, 32, 48, 64, -1])
(609, 37, 211, [1, 2, 3, 4, 0], [0, 16, 32, 48, -1], [16, 32, 48, 64, -1])
(610, 32, 182, [1, 2, 3, 4, 0], [0, 16, 32, 48, -1], [16, 32, 48, 64, -1])
(611, 32, 216, [1, 2, 3, 4, 0], [0, 16, 32, 48, -1], [16, 32, 48, 64, -1])
(612, 32, 238, [1, 2, 3, 4, 0], [0, 16, 32, 48, -1], [16, 32, 48, 64, -1])
(613, 32, 198, [1, 2, 3, 4, 0], [0, 16, 32, 48, -1], [16, 32, 48, 64, -1])
(614, 32, 175, [1, 2, 3, 4, 0], [0, 16, 32, 48, -1], [16, 32, 48, 64, -1])
(615, 32, 230, [1, 2, 3, 4, 0], [0, 16, 32, 48, -1], [16, 32, 48, 64, -1])
(616, 32, 105, [1, 2, 3, 4, 0], [0, 16, 32, 48, -1], [16, 32, 48, 64, -1])
(617, 32, 118, [1, 2, 3, 4, 0], [0, 16, 32, 48, -1], [16, 32, 48, 64, -1])
(618, 32, 61, [1, 2, 3, 4, 0], [0, 16, 32, 48, -1], [16, 32, 48, 64, -1])
(619, 32, 91, [1, 2, 3, 4, 0], [0, 16, 32, 48, -1], [16, 32, 48, 64, -1])
(620, 32, 50, [1, 2, 3, 4, 0], [0, 16, 32, 48, -1], [16, 32, 48, 64, -1])
(621, 32, 217, [1, 2, 3, 4, 0], [0, 16, 32, 48, -1], [16, 32, 48, 64, -1])
(622, 32, 85, [1, 2, 3, 4, 0], [0, 16, 32, 48, -1], [16, 32, 48, 64, -1])
(623, 32, 251, [1, 2, 3, 4, 0], [0, 16, 32, 48, -1], [16, 32, 48, 64, -1])
(624, 256, 224, [1, 2, 3, 4, 0], [0, 16, 32, 48, -1], [16, 32, 48, 64, -1])
(625, 32, 205, [1, 2, 3, 4, 0], [0, 16, 32, 48, -1], [16, 32, 48, 64, -1])
(626, 32, 192, [1, 2, 3, 4, 0], [0, 16, 32, 48, -1], [16, 32, 48, 64, -1])
(627, 214, 106, [1, 2, 3, 4, 0], [0, 16, 32, 48, -1], [16, 32, 48, 64, -1])
(628, 32, 99, [1, 2, 3, 4, 0], [0, 16, 32, 48, -1], [16, 32, 48, 64, -1])
(629, 91, 205, [1, 2, 3, 4, 0], [0, 16, 32, 48, -1], [16, 32, 48, 64, -1])
(630, 40, 205, [1, 2, 3, 4, 0], [0, 16, 32, 48, -1], [16, 32, 48, 64, -1])
(631, 32, 71, [1, 2, 3, 4, 0], [0, 16, 32, 48, -1], [16, 32, 48, 64, -1])
(632, 32, 131, [1, 2, 3, 4, 0], [0, 16, 32, 48, -1], [16, 32, 48, 64, -1])
(633, 32, 187, [1, 2, 3, 4, 0], [0, 16, 32, 48, -1], [16, 32, 48, 64, -1])
(634, 32, 133, [1, 2, 3, 4, 0], [0, 16, 32, 48, -1], [16, 32, 48, 64, -1])
(635, 32, 57, [1, 2, 3, 4, 0], [0, 16, 32, 48, -1], [16, 32, 48, 64, -1])
(636, 44, 61, [1, 2, 3, 4, 0], [0, 16, 32, 48, -1], [16, 32, 48, 64, -1])
(637, 148, 144, [1, 2, 3, 4, 0], [0, 16, 32, 48, -1], [16, 32, 48, 64, -1])
(638, 32, 103, [1, 2, 3, 4, 0], [0, 16, 32, 48, -1], [16, 32, 48, 64, -1])
(639, 32, 184, [1, 2, 3, 4, 0], [0, 16, 32, 48, -1], [16, 32, 48, 64, -1])
(640, 32, 98, [1, 2, 3, 4, 0], [0, 16, 32, 48, -1], [16, 32, 48, 64, -1])
(641, 32, 101, [1, 2, 3, 4, 0], [0, 16, 32, 48, -1], [16, 32, 48, 64, -1])
(642, 32, 222, [1, 2, 3, 4, 0], [0, 16, 32, 48, -1], [16, 32, 48, 64, -1])
(643, 102, 238, [1, 2, 3, 4, 0], [0, 16, 32, 48, -1], [16, 32, 48, 64, -1])
(644, 32, 129, [1, 2, 3, 4, 0], [0, 16, 32, 48, -1], [16, 32, 48, 64, -1])
(645, 247, 148, [1, 2, 3, 4, 0], [0, 16, 32, 48, -1], [16, 32, 48, 64, -1])
(646, 32, 173, [1, 2, 3, 4, 0], [0, 16, 32, 48, -1], [16, 32, 48, 64, -1])
(647, 32, 232, [1, 2, 3, 4, 0], [0, 16, 32, 48, -1], [16, 32, 48, 64, -1])
(648, 32, 61, [1, 2, 3, 4, 0], [0, 16, 32, 48, -1], [16, 32, 48, 64, -1])
(649, 32, 191, [1, 2, 3, 4, 0], [0, 16, 32, 48, -1], [16, 32, 48, 64, -1])
(650, 32, 52, [1, 2, 3, 4, 0], [0, 16, 32, 48, -1], [16, 32, 48, 64, -1])
(651, 32, 176, [1, 2, 3, 4, 0], [0, 16, 32, 48, -1], [16, 32, 48, 64, -1])
(652, 46, 162, [1, 2, 3, 4, 0], [0, 16, 32, 48, -1], [16, 32, 48, 64, -1])
(653, 32, 155, [1, 2, 3, 4, 0], [0, 16, 32, 48, -1], [16, 32, 48, 64, -1])
