(0, 194, 96, [1, 2, 3, 4, 0], [0, 10, 20, 30, -1], [10, 20, 30, 40, -1])
(1, 420, 124, [1, 2, 3, 4, 0], [0, 10, 20, 30, -1], [10, 20, 30, 40, -1])
(2, 1136, 375, [1, 2, 3, 4, 0], [0, 10, 20, 30, -1], [10, 20, 30, 40, -1])
(3, 405, 103, [1, 2, 3, 4, 0], [0, 10, 20, 30, -1], [10, 20, 30, 40, -1])
(4, 237, 126, [1, 2, 3, 4, 0], [0, 10, 20, 30, -1], [10, 20, 30, 40, -1])
(5, 120, 12, [1, 2, 3, 4, 0], [0, 10, 20, 30, -1], [10, 20, 30, 40, -1])
(6, 1060, 415, [1, 2, 3, 4, 0], [0, 10, 20, 30, -1], [10, 20, 30, 40, -1])
(7, 1224, 433, [1, 2, 3, 4, 0], [0, 10, 20, 30, -1], [10, 20, 30, 40, -1])
(8, 388, 84, [1, 2, 3, 4, 0], [0, 10, 20, 30, -1], [10, 20, 30, 40, -1])
(9, 1068, 429, [1, 2, 3, 4, 0], [0, 10, 20, 30, -1], [10, 20, 30, 40, -1])
(10, 1039, 401, [1, 2, 3, 4, 0], [0, 10, 20, 30, -1], [10, 20, 30, 40, -1])
(11, 422, 144, [1, 2, 3, 4, 0], [0, 10, 20, 30, -1], [10, 20, 30, 40, -1])
(12, 209, 193, [1, 2, 3, 4, 0], [0, 10, 20, 30, -1], [10, 20, 30, 40, -1])
(13, 1344, 56, [1, 2, 3, 4, 0], [0, 10, 20, 30, -1], [10, 20, 30, 40, -1])
(14, 393, 60, [1, 2, 3, 4, 0], [0, 10, 20, 30, -1], [10, 20, 30, 40, -1])
(15, 1050, 397, [1, 2, 3, 4, 0], [0, 10, 20, 30, -1], [10, 20, 30, 40, -1])
(16, 1169, 421, [1, 2, 3, 4, 0], [0, 10, 20, 30, -1], [10, 20, 30, 40, -1])
(17, 401, 109, [1, 2, 3, 4, 0], [0, 10, 20, 30, -1], [10, 20, 30, 40, -1])
(18, 374, 114, [1, 2, 3, 4, 0], [0, 10, 20, 30, -1], [10, 20, 30, 40, -1])
(19, 419, 148, [1, 2, 3, 4, 0], [0, 10, 20, 30, -1], [10, 20, 30, 40, -1])
(20, 400, 89, [1, 2, 3, 4, 0], [0, 10, 20, 30, -1], [10, 20, 30, 40, -1])
(21, 413, 106, [1, 2, 3, 4, 0], [0, 10, 20, 30, -1], [10, 20, 30, 40, -1])
(22, 181, 120, [1, 2, 3, 4, 0], [0, 10, 20, 30, -1], [10, 20, 30, 40, -1])
(23, 1103, 414, [1, 2, 3, 4, 0], [0, 10, 20, 30, -1], [10, 20, 30, 40, -1])
(24, 212, 183, [1, 2, 3, 4, 0], [0, 10, 20, 30, -1], [10, 20, 30, 40, -1])
(25, 405, 94, [1, 2, 3, 4, 0], [0, 10, 20, 30, -1], [10, 20, 30, 40, -1])
(26, 209, 217, [1, 2, 3, 4, 0], [0, 10, 20, 30, -1], [10, 20, 30, 40, -1])
(27, 1316, 135, [1, 2, 3, 4, 0], [0, 10, 20, 30, -1], [10, 20, 30, 40, -1])
(28, 1062, 415, [1, 2, 3, 4, 0], [0, 10, 20, 30, -1], [10, 20, 30, 40, -1])
(29, 1066, 415, [1, 2, 3, 4, 0], [0, 10, 20, 30, -1], [10, 20, 30, 40, -1])
(30, 1484, 88, [1, 2, 3, 4, 0], [0, 10, 20, 30, -1], [10, 20, 30, 40, -1])
(31, 409, 93, [1, 2, 3, 4, 0], [0, 10, 20, 30, -1], [10, 20, 30, 40, -1])
(32, 1092, 389, [1, 2, 3, 4, 0], [0, 10, 20, 30, -1], [10, 20, 30, 40, -1])
(33, 395, 83, [1, 2, 3, 4, 0], [0, 10, 20, 30, -1], [10, 20, 30, 40, -1])
(34, 203, 138, [1, 2, 3, 4, 0], [0, 10, 20, 30, -1], [10, 20, 30, 40, -1])
(35, 1149, 398, [1, 2, 3, 4, 0], [0, 10, 20, 30, -1], [10, 20, 30, 40, -1])
(36, 221, 48, [1, 2, 3, 4, 0], [0, 10, 20, 30, -1], [10, 20, 30, 40, -1])
(37, 378, 69, [1, 2, 3, 4, 0], [0, 10, 20, 30, -1], [10, 20, 30, 40, -1])
(38, 203, 217, [1, 2, 3, 4, 0], [0, 10, 20, 30, -1], [10, 20, 30, 40, -1])
(39, 1096, 398, [1, 2, 3, 4, 0], [0, 10, 20, 30, -1], [10, 20, 30, 40, -1])
(40, 440, 95, [1, 2, 3, 4, 0], [0, 10, 20, 30, -1], [10, 20, 30, 40, -1])
(41, 1077, 483, [1, 2, 3, 4, 0], [0, 10, 20, 30, -1], [10, 20, 30, 40, -1])
(42, 167, 217, [1, 2, 3, 4, 0], [0, 10, 20, 30, -1], [10, 20, 30, 40, -1])
(43, 1041, 400, [1, 2, 3, 4, 0], [0, 10, 20, 30, -1], [10, 20, 30, 40, -1])
(44, 181, 257, [1, 2, 3, 4, 0], [0, 10, 20, 30, -1], [10, 20, 30, 40, -1])
(45, 1027, 396, [1, 2, 3, 4, 0], [0, 10, 20, 30, -1], [10, 20, 30, 40, -1])
(46, 1353, 156, [1, 2, 3, 4, 0], [0, 10, 20, 30, -1], [10, 20, 30, 40, -1])
(47, 407, 115, [1, 2, 3, 4, 0], [0, 10, 20, 30, -1], [10, 20, 30, 40, -1])
(48, 203, 162, [1, 2, 3, 4, 0], [0, 10, 20, 30, -1], [10, 20, 30, 40, -1])
(49, 1089, 525, [1, 2, 3, 4, 0], [0, 10, 20, 30, -1], [10, 20, 30, 40, -1])
(50, 109, 120, [1, 2, 3, 4, 0], [0, 10, 20, 30, -1], [10, 20, 30, 40, -1])
(51, 1316, 125, [1, 2, 3, 4, 0], [0, 10, 20, 30, -1], [10, 20, 30, 40, -1])
(52, 408, 96, [1, 2, 3, 4, 0], [0, 10, 20, 30, -1], [10, 20, 30, 40, -1])
(53, 1245, 384, [1, 2, 3, 4, 0], [0, 10, 20, 30, -1], [10, 20, 30, 40, -1])
(54, 397, 127, [1, 2, 3, 4, 0], [0, 10, 20, 30, -1], [10, 20, 30, 40, -1])
(55, 381, 76, [1, 2, 3, 4, 0], [0, 10, 20, 30, -1], [10, 20, 30, 40, -1])
(56, 395, 101, [1, 2, 3, 4, 0], [0, 10, 20, 30, -1], [10, 20, 30, 40, -1])
(57, 1146, 605, [1, 2, 3, 4, 0], [0, 10, 20, 30, -1], [10, 20, 30, 40, -1])
(58, 794, 70, [1, 2, 3, 4, 0], [0, 10, 20, 30, -1], [10, 20, 30, 40, -1])
(59, 1117, 427, [1, 2, 3, 4, 0], [0, 10, 20, 30, -1], [10, 20, 30, 40, -1])
(60, 1064, 82, [1, 2, 3, 4, 0], [0, 10, 20, 30, -1], [10, 20, 30, 40, -1])
(61, 431, 115, [1, 2, 3, 4, 0], [0, 10, 20, 30, -1], [10, 20, 30, 40, -1])
(62, 476, 112, [1, 2, 3, 4, 0], [0, 10, 20, 30, -1], [10, 20, 30, 40, -1])
(63, 393, 88, [1, 2, 3, 4, 0], [0, 10, 20, 30, -1], [10, 20, 30, 40, -1])
(64, 392, 42, [1, 2, 3, 4, 0], [0, 10, 20, 30, -1], [10, 20, 30, 40, -1])
(65, 976, 40, [1, 2, 3, 4, 0], [0, 10, 20, 30, -1], [10, 20, 30, 40, -1])
(66, 1195, 507, [1, 2, 3, 4, 0], [0, 10, 20, 30, -1], [10, 20, 30, 40, -1])
(67, 1071, 395, [1, 2, 3, 4, 0], [0, 10, 20, 30, -1], [10, 20, 30, 40, -1])
(68, 120, 12, [1, 2, 3, 4, 0], [0, 10, 20, 30, -1], [10, 20, 30, 40, -1])
(69, 1147, 498, [1, 2, 3, 4, 0], [0, 10, 20, 30, -1], [10, 20, 30, 40, -1])
(70, 1189, 74, [1, 2, 3, 4, 0], [0, 10, 20, 30, -1], [10, 20, 30, 40, -1])
(71, 212, 217, [1, 2, 3, 4, 0], [0, 10, 20, 30, -1], [10, 20, 30, 40, -1])
(72, 194, 217, [1, 2, 3, 4, 0], [0, 10, 20, 30, -1], [10, 20, 30, 40, -1])
(73, 1082, 385, [1, 2, 3, 4, 0], [0, 10, 20, 30, -1], [10, 20, 30, 40, -1])
(74, 415, 119, [1, 2, 3, 4, 0], [0, 10, 20, 30, -1], [10, 20, 30, 40, -1])
(75, 405, 94, [1, 2, 3, 4, 0], [0, 10, 20, 30, -1], [10, 20, 30, 40, -1])
(76, 1316, 159, [1, 2, 3, 4, 0], [0, 10, 20, 30, -1], [10, 20, 30, 40, -1])
(77, 402, 113, [1, 2, 3, 4, 0], [0, 10, 20, 30, -1], [10, 20, 30, 40, -1])
(78, 381, 73, [1, 2, 3, 4, 0], [0, 10, 20, 30, -1], [10, 20, 30, 40, -1])
(79, 200, 205, [1, 2, 3, 4, 0], [0, 10, 20, 30, -1], [10, 20, 30, 40, -1])
(80, 394, 155, [1, 2, 3, 4, 0], [0, 10, 20, 30, -1], [10, 20, 30, 40, -1])
(81, 405, 85, [1, 2, 3, 4, 0], [0, 10, 20, 30, -1], [10, 20, 30, 40, -1])
(82, 1015, 409, [1, 2, 3, 4, 0], [0, 10, 20, 30, -1], [10, 20, 30, 40, -1])
(83, 997, 394, [1, 2, 3, 4, 0], [0, 10, 20, 30, -1], [10, 20, 30, 40, -1])
(84, 381, 71, [1, 2, 3, 4, 0], [0, 10, 20, 30, -1], [10, 20, 30, 40, -1])
(85, 400, 120, [1, 2, 3, 4, 0], [0, 10, 20, 30, -1], [10, 20, 30, 40, -1])
(86, 333, 18, [1, 2, 3, 4, 0], [0, 10, 20, 30, -1], [10, 20, 30, 40, -1])
(87, 1210, 380, [1, 2, 3, 4, 0], [0, 10, 20, 30, -1], [10, 20, 30, 40, -1])
(88, 200, 130, [1, 2, 3, 4, 0], [0, 10, 20, 30, -1], [10, 20, 30, 40, -1])
(89, 375, 96, [1, 2, 3, 4, 0], [0, 10, 20, 30, -1], [10, 20, 30, 40, -1])
(90, 374, 62, [1, 2, 3, 4, 0], [0, 10, 20, 30, -1], [10, 20, 30, 40, -1])
(91, 163, 157, [1, 2, 3, 4, 0], [0, 10, 20, 30, -1], [10, 20, 30, 40, -1])
(92, 375, 70, [1, 2, 3, 4, 0], [0, 10, 20, 30, -1], [10, 20, 30, 40, -1])
(93, 1029, 406, [1, 2, 3, 4, 0], [0, 10, 20, 30, -1], [10, 20, 30, 40, -1])
(94, 1010, 411, [1, 2, 3, 4, 0], [0, 10, 20, 30, -1], [10, 20, 30, 40, -1])
(95, 17, 81, [1, 2, 3, 4, 0], [0, 10, 20, 30, -1], [10, 20, 30, 40, -1])
(96, 1335, 570, [1, 2, 3, 4, 0], [0, 10, 20, 30, -1], [10, 20, 30, 40, -1])
(97, 420, 99, [1, 2, 3, 4, 0], [0, 10, 20, 30, -1], [10, 20, 30, 40, -1])
(98, 1019, 411, [1, 2, 3, 4, 0], [0, 10, 20, 30, -1], [10, 20, 30, 40, -1])
(99, 424, 114, [1, 2, 3, 4, 0], [0, 10, 20, 30, -1], [10, 20, 30, 40, -1])
(100, 1539, 94, [1, 2, 3, 4, 0], [0, 10, 20, 30, -1], [10, 20, 30, 40, -1])
