(0, 456, 288, [1, 2, 3, 4, 0], [0, 10, 20, 30, -1], [10, 20, 30, 40, -1])
(1, 610, 3, [1, 2, 3, 4, 0], [0, 10, 20, 30, -1], [10, 20, 30, 40, -1])
(2, 733, 103, [1, 2, 3, 4, 0], [0, 10, 20, 30, -1], [10, 20, 30, 40, -1])
(3, 414, 173, [1, 2, 3, 4, 0], [0, 10, 20, 30, -1], [10, 20, 30, 40, -1])
(4, 639, 85, [1, 2, 3, 4, 0], [0, 10, 20, 30, -1], [10, 20, 30, 40, -1])
(5, 556, 227, [1, 2, 3, 4, 0], [0, 10, 20, 30, -1], [10, 20, 30, 40, -1])
(6, 538, 167, [1, 2, 3, 4, 0], [0, 10, 20, 30, -1], [10, 20, 30, 40, -1])
(7, 429, 205, [1, 2, 3, 4, 0], [0, 10, 20, 30, -1], [10, 20, 30, 40, -1])
(8, 577, 130, [1, 2, 3, 4, 0], [0, 10, 20, 30, -1], [10, 20, 30, 40, -1])
(9, 1293, 88, [1, 2, 3, 4, 0], [0, 10, 20, 30, -1], [10, 20, 30, 40, -1])
(10, 442, 232, [1, 2, 3, 4, 0], [0, 10, 20, 30, -1], [10, 20, 30, 40, -1])
(11, 456, 273, [1, 2, 3, 4, 0], [0, 10, 20, 30, -1], [10, 20, 30, 40, -1])
(12, 627, 243, [1, 2, 3, 4, 0], [0, 10, 20, 30, -1], [10, 20, 30, 40, -1])
(13, 855, 650, [1, 2, 3, 4, 0], [0, 10, 20, 30, -1], [10, 20, 30, 40, -1])
(14, 659, 388, [1, 2, 3, 4, 0], [0, 10, 20, 30, -1], [10, 20, 30, 40, -1])
(15, 506, 335, [1, 2, 3, 4, 0], [0, 10, 20, 30, -1], [10, 20, 30, 40, -1])
(16, 444, 139, [1, 2, 3, 4, 0], [0, 10, 20, 30, -1], [10, 20, 30, 40, -1])
(17, 586, 287, [1, 2, 3, 4, 0], [0, 10, 20, 30, -1], [10, 20, 30, 40, -1])
(18, 662, 141, [1, 2, 3, 4, 0], [0, 10, 20, 30, -1], [10, 20, 30, 40, -1])
(19, 380, 189, [1, 2, 3, 4, 0], [0, 10, 20, 30, -1], [10, 20, 30, 40, -1])
(20, 553, 7, [1, 2, 3, 4, 0], [0, 10, 20, 30, -1], [10, 20, 30, 40, -1])
(21, 622, 173, [1, 2, 3, 4, 0], [0, 10, 20, 30, -1], [10, 20, 30, 40, -1])
(22, 548, 216, [1, 2, 3, 4, 0], [0, 10, 20, 30, -1], [10, 20, 30, 40, -1])
(23, 1054, 590, [1, 2, 3, 4, 0], [0, 10, 20, 30, -1], [10, 20, 30, 40, -1])
(24, 475, 211, [1, 2, 3, 4, 0], [0, 10, 20, 30, -1], [10, 20, 30, 40, -1])
(25, 720, 150, [1, 2, 3, 4, 0], [0, 10, 20, 30, -1], [10, 20, 30, 40, -1])
(26, 657, 295, [1, 2, 3, 4, 0], [0, 10, 20, 30, -1], [10, 20, 30, 40, -1])
(27, 426, 150, [1, 2, 3, 4, 0], [0, 10, 20, 30, -1], [10, 20, 30, 40, -1])
(28, 732, 93, [1, 2, 3, 4, 0], [0, 10, 20, 30, -1], [10, 20, 30, 40, -1])
(29, 726, 29, [1, 2, 3, 4, 0], [0, 10, 20, 30, -1], [10, 20, 30, 40, -1])
(30, 1150, 436, [1, 2, 3, 4, 0], [0, 10, 20, 30, -1], [10, 20, 30, 40, -1])
(31, 731, 163, [1, 2, 3, 4, 0], [0, 10, 20, 30, -1], [10, 20, 30, 40, -1])
(32, 1059, 202, [1, 2, 3, 4, 0], [0, 10, 20, 30, -1], [10, 20, 30, 40, -1])
(33, 789, 468, [1, 2, 3, 4, 0], [0, 10, 20, 30, -1], [10, 20, 30, 40, -1])
(34, 652, 107, [1, 2, 3, 4, 0], [0, 10, 20, 30, -1], [10, 20, 30, 40, -1])
(35, 543, 185, [1, 2, 3, 4, 0], [0, 10, 20, 30, -1], [10, 20, 30, 40, -1])
(36, 993, 410, [1, 2, 3, 4, 0], [0, 10, 20, 30, -1], [10, 20, 30, 40, -1])
(37, 801, 485, [1, 2, 3, 4, 0], [0, 10, 20, 30, -1], [10, 20, 30, 40, -1])
(38, 586, 204, [1, 2, 3, 4, 0], [0, 10, 20, 30, -1], [10, 20, 30, 40, -1])
(39, 464, 77, [1, 2, 3, 4, 0], [0, 10, 20, 30, -1], [10, 20, 30, 40, -1])
(40, 2724, 1101, [1, 2, 3, 4, 0], [0, 10, 20, 30, -1], [10, 20, 30, 40, -1])
(41, 824, 140, [1, 2, 3, 4, 0], [0, 10, 20, 30, -1], [10, 20, 30, 40, -1])
(42, 510, 92, [1, 2, 3, 4, 0], [0, 10, 20, 30, -1], [10, 20, 30, 40, -1])
(43, 1108, 297, [1, 2, 3, 4, 0], [0, 10, 20, 30, -1], [10, 20, 30, 40, -1])
(44, 1724, 171, [1, 2, 3, 4, 0], [0, 10, 20, 30, -1], [10, 20, 30, 40, -1])
(45, 464, 157, [1, 2, 3, 4, 0], [0, 10, 20, 30, -1], [10, 20, 30, 40, -1])
(46, 475, 199, [1, 2, 3, 4, 0], [0, 10, 20, 30, -1], [10, 20, 30, 40, -1])
(47, 371, 212, [1, 2, 3, 4, 0], [0, 10, 20, 30, -1], [10, 20, 30, 40, -1])
(48, 520, 39, [1, 2, 3, 4, 0], [0, 10, 20, 30, -1], [10, 20, 30, 40, -1])
(49, 630, 257, [1, 2, 3, 4, 0], [0, 10, 20, 30, -1], [10, 20, 30, 40, -1])
(50, 1240, 177, [1, 2, 3, 4, 0], [0, 10, 20, 30, -1], [10, 20, 30, 40, -1])
(51, 497, 112, [1, 2, 3, 4, 0], [0, 10, 20, 30, -1], [10, 20, 30, 40, -1])
(52, 500, 281, [1, 2, 3, 4, 0], [0, 10, 20, 30, -1], [10, 20, 30, 40, -1])
(53, 585, 55, [1, 2, 3, 4, 0], [0, 10, 20, 30, -1], [10, 20, 30, 40, -1])
(54, 540, 107, [1, 2, 3, 4, 0], [0, 10, 20, 30, -1], [10, 20, 30, 40, -1])
(55, 443, 228, [1, 2, 3, 4, 0], [0, 10, 20, 30, -1], [10, 20, 30, 40, -1])
(56, 412, 235, [1, 2, 3, 4, 0], [0, 10, 20, 30, -1], [10, 20, 30, 40, -1])
(57, 600, 105, [1, 2, 3, 4, 0], [0, 10, 20, 30, -1], [10, 20, 30, 40, -1])
(58, 519, 230, [1, 2, 3, 4, 0], [0, 10, 20, 30, -1], [10, 20, 30, 40, -1])
(59, 516, 29, [1, 2, 3, 4, 0], [0, 10, 20, 30, -1], [10, 20, 30, 40, -1])
(60, 807, 280, [1, 2, 3, 4, 0], [0, 10, 20, 30, -1], [10, 20, 30, 40, -1])
(61, 661, 60, [1, 2, 3, 4, 0], [0, 10, 20, 30, -1], [10, 20, 30, 40, -1])
(62, 491, 83, [1, 2, 3, 4, 0], [0, 10, 20, 30, -1], [10, 20, 30, 40, -1])
(63, 667, 48, [1, 2, 3, 4, 0], [0, 10, 20, 30, -1], [10, 20, 30, 40, -1])
(64, 656, 11, [1, 2, 3, 4, 0], [0, 10, 20, 30, -1], [10, 20, 30, 40, -1])
(65, 399, 231, [1, 2, 3, 4, 0], [0, 10, 20, 30, -1], [10, 20, 30, 40, -1])
(66, 606, 166, [1, 2, 3, 4, 0], [0, 10, 20, 30, -1], [10, 20, 30, 40, -1])
(67, 536, 318, [1, 2, 3, 4, 0], [0, 10, 20, 30, -1], [10, 20, 30, 40, -1])
(68, 1186, 780, [1, 2, 3, 4, 0], [0, 10, 20, 30, -1], [10, 20, 30, 40, -1])
(69, 842, 496, [1, 2, 3, 4, 0], [0, 10, 20, 30, -1], [10, 20, 30, 40, -1])
(70, 1244, 657, [1, 2, 3, 4, 0], [0, 10, 20, 30, -1], [10, 20, 30, 40, -1])
(71, 966, 16, [1, 2, 3, 4, 0], [0, 10, 20, 30, -1], [10, 20, 30, 40, -1])
(72, 552, 67, [1, 2, 3, 4, 0], [0, 10, 20, 30, -1], [10, 20, 30, 40, -1])
(73, 982, 297, [1, 2, 3, 4, 0], [0, 10, 20, 30, -1], [10, 20, 30, 40, -1])
(74, 726, 445, [1, 2, 3, 4, 0], [0, 10, 20, 30, -1], [10, 20, 30, 40, -1])
(75, 571, 160, [1, 2, 3, 4, 0], [0, 10, 20, 30, -1], [10, 20, 30, 40, -1])
(76, 556, 227, [1, 2, 3, 4, 0], [0, 10, 20, 30, -1], [10, 20, 30, 40, -1])
(77, 728, 517, [1, 2, 3, 4, 0], [0, 10, 20, 30, -1], [10, 20, 30, 40, -1])
(78, 798, 109, [1, 2, 3, 4, 0], [0, 10, 20, 30, -1], [10, 20, 30, 40, -1])
(79, 1063, 138, [1, 2, 3, 4, 0], [0, 10, 20, 30, -1], [10, 20, 30, 40, -1])
(80, 926, 214, [1, 2, 3, 4, 0], [0, 10, 20, 30, -1], [10, 20, 30, 40, -1])
(81, 760, 70, [1, 2, 3, 4, 0], [0, 10, 20, 30, -1], [10, 20, 30, 40, -1])
(82, 488, 256, [1, 2, 3, 4, 0], [0, 10, 20, 30, -1], [10, 20, 30, 40, -1])
(83, 499, 227, [1, 2, 3, 4, 0], [0, 10, 20, 30, -1], [10, 20, 30, 40, -1])
(84, 793, 83, [1, 2, 3, 4, 0], [0, 10, 20, 30, -1], [10, 20, 30, 40, -1])
(85, 685, 328, [1, 2, 3, 4, 0], [0, 10, 20, 30, -1], [10, 20, 30, 40, -1])
(86, 1029, 225, [1, 2, 3, 4, 0], [0, 10, 20, 30, -1], [10, 20, 30, 40, -1])
(87, 708, 397, [1, 2, 3, 4, 0], [0, 10, 20, 30, -1], [10, 20, 30, 40, -1])
(88, 1249, 381, [1, 2, 3, 4, 0], [0, 10, 20, 30, -1], [10, 20, 30, 40, -1])
(89, 417, 223, [1, 2, 3, 4, 0], [0, 10, 20, 30, -1], [10, 20, 30, 40, -1])
(90, 629, 475, [1, 2, 3, 4, 0], [0, 10, 20, 30, -1], [10, 20, 30, 40, -1])
(91, 537, 67, [1, 2, 3, 4, 0], [0, 10, 20, 30, -1], [10, 20, 30, 40, -1])
(92, 357, 215, [1, 2, 3, 4, 0], [0, 10, 20, 30, -1], [10, 20, 30, 40, -1])
(93, 702, 207, [1, 2, 3, 4, 0], [0, 10, 20, 30, -1], [10, 20, 30, 40, -1])
(94, 628, 77, [1, 2, 3, 4, 0], [0, 10, 20, 30, -1], [10, 20, 30, 40, -1])
(95, 2007, 587, [1, 2, 3, 4, 0], [0, 10, 20, 30, -1], [10, 20, 30, 40, -1])
(96, 659, 388, [1, 2, 3, 4, 0], [0, 10, 20, 30, -1], [10, 20, 30, 40, -1])
(97, 398, 181, [1, 2, 3, 4, 0], [0, 10, 20, 30, -1], [10, 20, 30, 40, -1])
(98, 401, 142, [1, 2, 3, 4, 0], [0, 10, 20, 30, -1], [10, 20, 30, 40, -1])
(99, 623, 281, [1, 2, 3, 4, 0], [0, 10, 20, 30, -1], [10, 20, 30, 40, -1])
(100, 1095, 104, [1, 2, 3, 4, 0], [0, 10, 20, 30, -1], [10, 20, 30, 40, -1])
(101, 371, 184, [1, 2, 3, 4, 0], [0, 10, 20, 30, -1], [10, 20, 30, 40, -1])
(102, 726, 445, [1, 2, 3, 4, 0], [0, 10, 20, 30, -1], [10, 20, 30, 40, -1])
(103, 585, 55, [1, 2, 3, 4, 0], [0, 10, 20, 30, -1], [10, 20, 30, 40, -1])
(104, 691, 39, [1, 2, 3, 4, 0], [0, 10, 20, 30, -1], [10, 20, 30, 40, -1])
(105, 513, 293, [1, 2, 3, 4, 0], [0, 10, 20, 30, -1], [10, 20, 30, 40, -1])
(106, 435, 166, [1, 2, 3, 4, 0], [0, 10, 20, 30, -1], [10, 20, 30, 40, -1])
(107, 857, 614, [1, 2, 3, 4, 0], [0, 10, 20, 30, -1], [10, 20, 30, 40, -1])
(108, 609, 394, [1, 2, 3, 4, 0], [0, 10, 20, 30, -1], [10, 20, 30, 40, -1])
(109, 549, 45, [1, 2, 3, 4, 0], [0, 10, 20, 30, -1], [10, 20, 30, 40, -1])
(110, 1106, 59, [1, 2, 3, 4, 0], [0, 10, 20, 30, -1], [10, 20, 30, 40, -1])
(111, 764, 302, [1, 2, 3, 4, 0], [0, 10, 20, 30, -1], [10, 20, 30, 40, -1])
(112, 508, 288, [1, 2, 3, 4, 0], [0, 10, 20, 30, -1], [10, 20, 30, 40, -1])
(113, 684, 154, [1, 2, 3, 4, 0], [0, 10, 20, 30, -1], [10, 20, 30, 40, -1])
(114, 519, 285, [1, 2, 3, 4, 0], [0, 10, 20, 30, -1], [10, 20, 30, 40, -1])
(115, 983, 232, [1, 2, 3, 4, 0], [0, 10, 20, 30, -1], [10, 20, 30, 40, -1])
(116, 499, 121, [1, 2, 3, 4, 0], [0, 10, 20, 30, -1], [10, 20, 30, 40, -1])
(117, 516, 138, [1, 2, 3, 4, 0], [0, 10, 20, 30, -1], [10, 20, 30, 40, -1])
(118, 532, 120, [1, 2, 3, 4, 0], [0, 10, 20, 30, -1], [10, 20, 30, 40, -1])
(119, 804, 395, [1, 2, 3, 4, 0], [0, 10, 20, 30, -1], [10, 20, 30, 40, -1])
(120, 736, 188, [1, 2, 3, 4, 0], [0, 10, 20, 30, -1], [10, 20, 30, 40, -1])
(121, 591, 423, [1, 2, 3, 4, 0], [0, 10, 20, 30, -1], [10, 20, 30, 40, -1])
(122, 518, 334, [1, 2, 3, 4, 0], [0, 10, 20, 30, -1], [10, 20, 30, 40, -1])
(123, 983, 349, [1, 2, 3, 4, 0], [0, 10, 20, 30, -1], [10, 20, 30, 40, -1])
(124, 591, 423, [1, 2, 3, 4, 0], [0, 10, 20, 30, -1], [10, 20, 30, 40, -1])
(125, 537, 67, [1, 2, 3, 4, 0], [0, 10, 20, 30, -1], [10, 20, 30, 40, -1])
(126, 454, 150, [1, 2, 3, 4, 0], [0, 10, 20, 30, -1], [10, 20, 30, 40, -1])
(127, 552, 151, [1, 2, 3, 4, 0], [0, 10, 20, 30, -1], [10, 20, 30, 40, -1])
(128, 460, 224, [1, 2, 3, 4, 0], [0, 10, 20, 30, -1], [10, 20, 30, 40, -1])
(129, 761, 2, [1, 2, 3, 4, 0], [0, 10, 20, 30, -1], [10, 20, 30, 40, -1])
(130, 1316, 299, [1, 2, 3, 4, 0], [0, 10, 20, 30, -1], [10, 20, 30, 40, -1])
(131, 910, 34, [1, 2, 3, 4, 0], [0, 10, 20, 30, -1], [10, 20, 30, 40, -1])
(132, 515, 236, [1, 2, 3, 4, 0], [0, 10, 20, 30, -1], [10, 20, 30, 40, -1])
(133, 542, 221, [1, 2, 3, 4, 0], [0, 10, 20, 30, -1], [10, 20, 30, 40, -1])
(134, 372, 177, [1, 2, 3, 4, 0], [0, 10, 20, 30, -1], [10, 20, 30, 40, -1])
(135, 719, 408, [1, 2, 3, 4, 0], [0, 10, 20, 30, -1], [10, 20, 30, 40, -1])
(136, 357, 215, [1, 2, 3, 4, 0], [0, 10, 20, 30, -1], [10, 20, 30, 40, -1])
(137, 998, 786, [1, 2, 3, 4, 0], [0, 10, 20, 30, -1], [10, 20, 30, 40, -1])
(138, 770, 120, [1, 2, 3, 4, 0], [0, 10, 20, 30, -1], [10, 20, 30, 40, -1])
(139, 435, 253, [1, 2, 3, 4, 0], [0, 10, 20, 30, -1], [10, 20, 30, 40, -1])
(140, 762, 574, [1, 2, 3, 4, 0], [0, 10, 20, 30, -1], [10, 20, 30, 40, -1])
(141, 452, 291, [1, 2, 3, 4, 0], [0, 10, 20, 30, -1], [10, 20, 30, 40, -1])
(142, 486, 125, [1, 2, 3, 4, 0], [0, 10, 20, 30, -1], [10, 20, 30, 40, -1])
(143, 590, 314, [1, 2, 3, 4, 0], [0, 10, 20, 30, -1], [10, 20, 30, 40, -1])
(144, 609, 73, [1, 2, 3, 4, 0], [0, 10, 20, 30, -1], [10, 20, 30, 40, -1])
(145, 534, 295, [1, 2, 3, 4, 0], [0, 10, 20, 30, -1], [10, 20, 30, 40, -1])
(146, 414, 173, [1, 2, 3, 4, 0], [0, 10, 20, 30, -1], [10, 20, 30, 40, -1])
(147, 506, 308, [1, 2, 3, 4, 0], [0, 10, 20, 30, -1], [10, 20, 30, 40, -1])
(148, 687, 441, [1, 2, 3, 4, 0], [0, 10, 20, 30, -1], [10, 20, 30, 40, -1])
(149, 524, 374, [1, 2, 3, 4, 0], [0, 10, 20, 30, -1], [10, 20, 30, 40, -1])
(150, 1056, 298, [1, 2, 3, 4, 0], [0, 10, 20, 30, -1], [10, 20, 30, 40, -1])
(151, 975, 18, [1, 2, 3, 4, 0], [0, 10, 20, 30, -1], [10, 20, 30, 40, -1])
(152, 552, 317, [1, 2, 3, 4, 0], [0, 10, 20, 30, -1], [10, 20, 30, 40, -1])
(153, 573, 320, [1, 2, 3, 4, 0], [0, 10, 20, 30, -1], [10, 20, 30, 40, -1])
(154, 1316, 299, [1, 2, 3, 4, 0], [0, 10, 20, 30, -1], [10, 20, 30, 40, -1])
(155, 703, 317, [1, 2, 3, 4, 0], [0, 10, 20, 30, -1], [10, 20, 30, 40, -1])
(156, 490, 112, [1, 2, 3, 4, 0], [0, 10, 20, 30, -1], [10, 20, 30, 40, -1])
(157, 716, 193, [1, 2, 3, 4, 0], [0, 10, 20, 30, -1], [10, 20, 30, 40, -1])
(158, 429, 127, [1, 2, 3, 4, 0], [0, 10, 20, 30, -1], [10, 20, 30, 40, -1])
(159, 575, 168, [1, 2, 3, 4, 0], [0, 10, 20, 30, -1], [10, 20, 30, 40, -1])
(160, 383, 223, [1, 2, 3, 4, 0], [0, 10, 20, 30, -1], [10, 20, 30, 40, -1])
(161, 1090, 374, [1, 2, 3, 4, 0], [0, 10, 20, 30, -1], [10, 20, 30, 40, -1])
(162, 649, 229, [1, 2, 3, 4, 0], [0, 10, 20, 30, -1], [10, 20, 30, 40, -1])
(163, 513, 213, [1, 2, 3, 4, 0], [0, 10, 20, 30, -1], [10, 20, 30, 40, -1])
(164, 549, 3, [1, 2, 3, 4, 0], [0, 10, 20, 30, -1], [10, 20, 30, 40, -1])
(165, 397, 200, [1, 2, 3, 4, 0], [0, 10, 20, 30, -1], [10, 20, 30, 40, -1])
(166, 619, 3, [1, 2, 3, 4, 0], [0, 10, 20, 30, -1], [10, 20, 30, 40, -1])
(167, 418, 148, [1, 2, 3, 4, 0], [0, 10, 20, 30, -1], [10, 20, 30, 40, -1])
(168, 692, 316, [1, 2, 3, 4, 0], [0, 10, 20, 30, -1], [10, 20, 30, 40, -1])
(169, 455, 187, [1, 2, 3, 4, 0], [0, 10, 20, 30, -1], [10, 20, 30, 40, -1])
(170, 843, 627, [1, 2, 3, 4, 0], [0, 10, 20, 30, -1], [10, 20, 30, 40, -1])
(171, 536, 246, [1, 2, 3, 4, 0], [0, 10, 20, 30, -1], [10, 20, 30, 40, -1])
(172, 459, 207, [1, 2, 3, 4, 0], [0, 10, 20, 30, -1], [10, 20, 30, 40, -1])
(173, 726, 242, [1, 2, 3, 4, 0], [0, 10, 20, 30, -1], [10, 20, 30, 40, -1])
(174, 411, 204, [1, 2, 3, 4, 0], [0, 10, 20, 30, -1], [10, 20, 30, 40, -1])
(175, 844, 360, [1, 2, 3, 4, 0], [0, 10, 20, 30, -1], [10, 20, 30, 40, -1])
(176, 395, 195, [1, 2, 3, 4, 0], [0, 10, 20, 30, -1], [10, 20, 30, 40, -1])
(177, 434, 198, [1, 2, 3, 4, 0], [0, 10, 20, 30, -1], [10, 20, 30, 40, -1])
(178, 1040, 154, [1, 2, 3, 4, 0], [0, 10, 20, 30, -1], [10, 20, 30, 40, -1])
(179, 405, 168, [1, 2, 3, 4, 0], [0, 10, 20, 30, -1], [10, 20, 30, 40, -1])
(180, 478, 226, [1, 2, 3, 4, 0], [0, 10, 20, 30, -1], [10, 20, 30, 40, -1])
(181, 507, 190, [1, 2, 3, 4, 0], [0, 10, 20, 30, -1], [10, 20, 30, 40, -1])
(182, 432, 258, [1, 2, 3, 4, 0], [0, 10, 20, 30, -1], [10, 20, 30, 40, -1])
(183, 760, 459, [1, 2, 3, 4, 0], [0, 10, 20, 30, -1], [10, 20, 30, 40, -1])
(184, 425, 275, [1, 2, 3, 4, 0], [0, 10, 20, 30, -1], [10, 20, 30, 40, -1])
(185, 510, 132, [1, 2, 3, 4, 0], [0, 10, 20, 30, -1], [10, 20, 30, 40, -1])
(186, 760, 6, [1, 2, 3, 4, 0], [0, 10, 20, 30, -1], [10, 20, 30, 40, -1])
(187, 1353, 12, [1, 2, 3, 4, 0], [0, 10, 20, 30, -1], [10, 20, 30, 40, -1])
(188, 390, 211, [1, 2, 3, 4, 0], [0, 10, 20, 30, -1], [10, 20, 30, 40, -1])
(189, 387, 229, [1, 2, 3, 4, 0], [0, 10, 20, 30, -1], [10, 20, 30, 40, -1])
(190, 675, 311, [1, 2, 3, 4, 0], [0, 10, 20, 30, -1], [10, 20, 30, 40, -1])
(191, 633, 188, [1, 2, 3, 4, 0], [0, 10, 20, 30, -1], [10, 20, 30, 40, -1])
(192, 935, 280, [1, 2, 3, 4, 0], [0, 10, 20, 30, -1], [10, 20, 30, 40, -1])
(193, 621, 110, [1, 2, 3, 4, 0], [0, 10, 20, 30, -1], [10, 20, 30, 40, -1])
(194, 537, 67, [1, 2, 3, 4, 0], [0, 10, 20, 30, -1], [10, 20, 30, 40, -1])
(195, 465, 103, [1, 2, 3, 4, 0], [0, 10, 20, 30, -1], [10, 20, 30, 40, -1])
(196, 576, 87, [1, 2, 3, 4, 0], [0, 10, 20, 30, -1], [10, 20, 30, 40, -1])
(197, 491, 74, [1, 2, 3, 4, 0], [0, 10, 20, 30, -1], [10, 20, 30, 40, -1])
(198, 636, 444, [1, 2, 3, 4, 0], [0, 10, 20, 30, -1], [10, 20, 30, 40, -1])
(199, 1015, 123, [1, 2, 3, 4, 0], [0, 10, 20, 30, -1], [10, 20, 30, 40, -1])
(200, 534, 229, [1, 2, 3, 4, 0], [0, 10, 20, 30, -1], [10, 20, 30, 40, -1])
(201, 632, 59, [1, 2, 3, 4, 0], [0, 10, 20, 30, -1], [10, 20, 30, 40, -1])
(202, 506, 160, [1, 2, 3, 4, 0], [0, 10, 20, 30, -1], [10, 20, 30, 40, -1])
(203, 687, 101, [1, 2, 3, 4, 0], [0, 10, 20, 30, -1], [10, 20, 30, 40, -1])
(204, 466, 318, [1, 2, 3, 4, 0], [0, 10, 20, 30, -1], [10, 20, 30, 40, -1])
(205, 520, 332, [1, 2, 3, 4, 0], [0, 10, 20, 30, -1], [10, 20, 30, 40, -1])
(206, 535, 342, [1, 2, 3, 4, 0], [0, 10, 20, 30, -1], [10, 20, 30, 40, -1])
(207, 612, 109, [1, 2, 3, 4, 0], [0, 10, 20, 30, -1], [10, 20, 30, 40, -1])
(208, 518, 306, [1, 2, 3, 4, 0], [0, 10, 20, 30, -1], [10, 20, 30, 40, -1])
(209, 622, 25, [1, 2, 3, 4, 0], [0, 10, 20, 30, -1], [10, 20, 30, 40, -1])
(210, 700, 130, [1, 2, 3, 4, 0], [0, 10, 20, 30, -1], [10, 20, 30, 40, -1])
(211, 446, 192, [1, 2, 3, 4, 0], [0, 10, 20, 30, -1], [10, 20, 30, 40, -1])
(212, 414, 173, [1, 2, 3, 4, 0], [0, 10, 20, 30, -1], [10, 20, 30, 40, -1])
(213, 412, 168, [1, 2, 3, 4, 0], [0, 10, 20, 30, -1], [10, 20, 30, 40, -1])
(214, 451, 173, [1, 2, 3, 4, 0], [0, 10, 20, 30, -1], [10, 20, 30, 40, -1])
(215, 667, 102, [1, 2, 3, 4, 0], [0, 10, 20, 30, -1], [10, 20, 30, 40, -1])
(216, 555, 382, [1, 2, 3, 4, 0], [0, 10, 20, 30, -1], [10, 20, 30, 40, -1])
(217, 1101, 486, [1, 2, 3, 4, 0], [0, 10, 20, 30, -1], [10, 20, 30, 40, -1])
(218, 520, 39, [1, 2, 3, 4, 0], [0, 10, 20, 30, -1], [10, 20, 30, 40, -1])
(219, 614, 78, [1, 2, 3, 4, 0], [0, 10, 20, 30, -1], [10, 20, 30, 40, -1])
(220, 376, 211, [1, 2, 3, 4, 0], [0, 10, 20, 30, -1], [10, 20, 30, 40, -1])
(221, 586, 227, [1, 2, 3, 4, 0], [0, 10, 20, 30, -1], [10, 20, 30, 40, -1])
(222, 486, 242, [1, 2, 3, 4, 0], [0, 10, 20, 30, -1], [10, 20, 30, 40, -1])
(223, 553, 7, [1, 2, 3, 4, 0], [0, 10, 20, 30, -1], [10, 20, 30, 40, -1])
(224, 677, 147, [1, 2, 3, 4, 0], [0, 10, 20, 30, -1], [10, 20, 30, 40, -1])
(225, 512, 218, [1, 2, 3, 4, 0], [0, 10, 20, 30, -1], [10, 20, 30, 40, -1])
(226, 785, 163, [1, 2, 3, 4, 0], [0, 10, 20, 30, -1], [10, 20, 30, 40, -1])
(227, 553, 235, [1, 2, 3, 4, 0], [0, 10, 20, 30, -1], [10, 20, 30, 40, -1])
(228, 629, 202, [1, 2, 3, 4, 0], [0, 10, 20, 30, -1], [10, 20, 30, 40, -1])
(229, 488, 105, [1, 2, 3, 4, 0], [0, 10, 20, 30, -1], [10, 20, 30, 40, -1])
(230, 462, 133, [1, 2, 3, 4, 0], [0, 10, 20, 30, -1], [10, 20, 30, 40, -1])
(231, 442, 168, [1, 2, 3, 4, 0], [0, 10, 20, 30, -1], [10, 20, 30, 40, -1])
(232, 798, 109, [1, 2, 3, 4, 0], [0, 10, 20, 30, -1], [10, 20, 30, 40, -1])
(233, 608, 219, [1, 2, 3, 4, 0], [0, 10, 20, 30, -1], [10, 20, 30, 40, -1])
(234, 423, 137, [1, 2, 3, 4, 0], [0, 10, 20, 30, -1], [10, 20, 30, 40, -1])
(235, 833, 405, [1, 2, 3, 4, 0], [0, 10, 20, 30, -1], [10, 20, 30, 40, -1])
(236, 349, 199, [1, 2, 3, 4, 0], [0, 10, 20, 30, -1], [10, 20, 30, 40, -1])
(237, 632, 59, [1, 2, 3, 4, 0], [0, 10, 20, 30, -1], [10, 20, 30, 40, -1])
(238, 543, 346, [1, 2, 3, 4, 0], [0, 10, 20, 30, -1], [10, 20, 30, 40, -1])
(239, 1496, 18, [1, 2, 3, 4, 0], [0, 10, 20, 30, -1], [10, 20, 30, 40, -1])
(240, 550, 303, [1, 2, 3, 4, 0], [0, 10, 20, 30, -1], [10, 20, 30, 40, -1])
(241, 535, 23, [1, 2, 3, 4, 0], [0, 10, 20, 30, -1], [10, 20, 30, 40, -1])
(242, 508, 170, [1, 2, 3, 4, 0], [0, 10, 20, 30, -1], [10, 20, 30, 40, -1])
(243, 587, 69, [1, 2, 3, 4, 0], [0, 10, 20, 30, -1], [10, 20, 30, 40, -1])
(244, 415, 215, [1, 2, 3, 4, 0], [0, 10, 20, 30, -1], [10, 20, 30, 40, -1])
(245, 464, 157, [1, 2, 3, 4, 0], [0, 10, 20, 30, -1], [10, 20, 30, 40, -1])
(246, 366, 180, [1, 2, 3, 4, 0], [0, 10, 20, 30, -1], [10, 20, 30, 40, -1])
(247, 549, 60, [1, 2, 3, 4, 0], [0, 10, 20, 30, -1], [10, 20, 30, 40, -1])
(248, 798, 109, [1, 2, 3, 4, 0], [0, 10, 20, 30, -1], [10, 20, 30, 40, -1])
(249, 716, 435, [1, 2, 3, 4, 0], [0, 10, 20, 30, -1], [10, 20, 30, 40, -1])
(250, 819, 13, [1, 2, 3, 4, 0], [0, 10, 20, 30, -1], [10, 20, 30, 40, -1])
(251, 1216, 649, [1, 2, 3, 4, 0], [0, 10, 20, 30, -1], [10, 20, 30, 40, -1])
(252, 906, 337, [1, 2, 3, 4, 0], [0, 10, 20, 30, -1], [10, 20, 30, 40, -1])
(253, 687, 318, [1, 2, 3, 4, 0], [0, 10, 20, 30, -1], [10, 20, 30, 40, -1])
(254, 431, 187, [1, 2, 3, 4, 0], [0, 10, 20, 30, -1], [10, 20, 30, 40, -1])
(255, 673, 232, [1, 2, 3, 4, 0], [0, 10, 20, 30, -1], [10, 20, 30, 40, -1])
(256, 615, 252, [1, 2, 3, 4, 0], [0, 10, 20, 30, -1], [10, 20, 30, 40, -1])
(257, 497, 249, [1, 2, 3, 4, 0], [0, 10, 20, 30, -1], [10, 20, 30, 40, -1])
(258, 512, 218, [1, 2, 3, 4, 0], [0, 10, 20, 30, -1], [10, 20, 30, 40, -1])
(259, 345, 204, [1, 2, 3, 4, 0], [0, 10, 20, 30, -1], [10, 20, 30, 40, -1])
(260, 444, 100, [1, 2, 3, 4, 0], [0, 10, 20, 30, -1], [10, 20, 30, 40, -1])
(261, 633, 258, [1, 2, 3, 4, 0], [0, 10, 20, 30, -1], [10, 20, 30, 40, -1])
(262, 379, 233, [1, 2, 3, 4, 0], [0, 10, 20, 30, -1], [10, 20, 30, 40, -1])
(263, 434, 277, [1, 2, 3, 4, 0], [0, 10, 20, 30, -1], [10, 20, 30, 40, -1])
(264, 1103, 315, [1, 2, 3, 4, 0], [0, 10, 20, 30, -1], [10, 20, 30, 40, -1])
(265, 1496, 18, [1, 2, 3, 4, 0], [0, 10, 20, 30, -1], [10, 20, 30, 40, -1])
(266, 535, 117, [1, 2, 3, 4, 0], [0, 10, 20, 30, -1], [10, 20, 30, 40, -1])
(267, 515, 148, [1, 2, 3, 4, 0], [0, 10, 20, 30, -1], [10, 20, 30, 40, -1])
(268, 497, 112, [1, 2, 3, 4, 0], [0, 10, 20, 30, -1], [10, 20, 30, 40, -1])
(269, 1108, 240, [1, 2, 3, 4, 0], [0, 10, 20, 30, -1], [10, 20, 30, 40, -1])
(270, 1136, 222, [1, 2, 3, 4, 0], [0, 10, 20, 30, -1], [10, 20, 30, 40, -1])
(271, 607, 44, [1, 2, 3, 4, 0], [0, 10, 20, 30, -1], [10, 20, 30, 40, -1])
(272, 539, 25, [1, 2, 3, 4, 0], [0, 10, 20, 30, -1], [10, 20, 30, 40, -1])
(273, 769, 257, [1, 2, 3, 4, 0], [0, 10, 20, 30, -1], [10, 20, 30, 40, -1])
(274, 712, 264, [1, 2, 3, 4, 0], [0, 10, 20, 30, -1], [10, 20, 30, 40, -1])
(275, 815, 666, [1, 2, 3, 4, 0], [0, 10, 20, 30, -1], [10, 20, 30, 40, -1])
(276, 686, 20, [1, 2, 3, 4, 0], [0, 10, 20, 30, -1], [10, 20, 30, 40, -1])
(277, 469, 219, [1, 2, 3, 4, 0], [0, 10, 20, 30, -1], [10, 20, 30, 40, -1])
(278, 359, 204, [1, 2, 3, 4, 0], [0, 10, 20, 30, -1], [10, 20, 30, 40, -1])
(279, 549, 213, [1, 2, 3, 4, 0], [0, 10, 20, 30, -1], [10, 20, 30, 40, -1])
(280, 497, 145, [1, 2, 3, 4, 0], [0, 10, 20, 30, -1], [10, 20, 30, 40, -1])
(281, 1268, 470, [1, 2, 3, 4, 0], [0, 10, 20, 30, -1], [10, 20, 30, 40, -1])
(282, 798, 109, [1, 2, 3, 4, 0], [0, 10, 20, 30, -1], [10, 20, 30, 40, -1])
(283, 870, 621, [1, 2, 3, 4, 0], [0, 10, 20, 30, -1], [10, 20, 30, 40, -1])
(284, 2136, 293, [1, 2, 3, 4, 0], [0, 10, 20, 30, -1], [10, 20, 30, 40, -1])
(285, 636, 179, [1, 2, 3, 4, 0], [0, 10, 20, 30, -1], [10, 20, 30, 40, -1])
(286, 398, 217, [1, 2, 3, 4, 0], [0, 10, 20, 30, -1], [10, 20, 30, 40, -1])
(287, 533, 232, [1, 2, 3, 4, 0], [0, 10, 20, 30, -1], [10, 20, 30, 40, -1])
(288, 437, 181, [1, 2, 3, 4, 0], [0, 10, 20, 30, -1], [10, 20, 30, 40, -1])
(289, 701, 217, [1, 2, 3, 4, 0], [0, 10, 20, 30, -1], [10, 20, 30, 40, -1])
(290, 536, 89, [1, 2, 3, 4, 0], [0, 10, 20, 30, -1], [10, 20, 30, 40, -1])
(291, 509, 95, [1, 2, 3, 4, 0], [0, 10, 20, 30, -1], [10, 20, 30, 40, -1])
(292, 733, 103, [1, 2, 3, 4, 0], [0, 10, 20, 30, -1], [10, 20, 30, 40, -1])
