(0, 194, 96, [1, 2, 3, 4, 5, 6, 0], [0, 8, 16, 24, 32, 40, -1], [8, 16, 24, 32, 40, 48, -1])
(1, 420, 124, [1, 2, 3, 4, 5, 6, 0], [0, 8, 16, 24, 32, 40, -1], [8, 16, 24, 32, 40, 48, -1])
(2, 1136, 375, [1, 2, 3, 4, 5, 6, 0], [0, 8, 16, 24, 32, 40, -1], [8, 16, 24, 32, 40, 48, -1])
(3, 405, 103, [1, 2, 3, 4, 5, 6, 0], [0, 8, 16, 24, 32, 40, -1], [8, 16, 24, 32, 40, 48, -1])
(4, 120, 12, [1, 2, 3, 4, 5, 6, 0], [0, 8, 16, 24, 32, 40, -1], [8, 16, 24, 32, 40, 48, -1])
(5, 1060, 415, [1, 2, 3, 4, 5, 6, 0], [0, 8, 16, 24, 32, 40, -1], [8, 16, 24, 32, 40, 48, -1])
(6, 388, 84, [1, 2, 3, 4, 5, 6, 0], [0, 8, 16, 24, 32, 40, -1], [8, 16, 24, 32, 40, 48, -1])
(7, 1068, 429, [1, 2, 3, 4, 5, 6, 0], [0, 8, 16, 24, 32, 40, -1], [8, 16, 24, 32, 40, 48, -1])
(8, 1039, 401, [1, 2, 3, 4, 5, 6, 0], [0, 8, 16, 24, 32, 40, -1], [8, 16, 24, 32, 40, 48, -1])
(9, 422, 144, [1, 2, 3, 4, 5, 6, 0], [0, 8, 16, 24, 32, 40, -1], [8, 16, 24, 32, 40, 48, -1])
(10, 209, 193, [1, 2, 3, 4, 5, 6, 0], [0, 8, 16, 24, 32, 40, -1], [8, 16, 24, 32, 40, 48, -1])
(11, 1344, 56, [1, 2, 3, 4, 5, 6, 0], [0, 8, 16, 24, 32, 40, -1], [8, 16, 24, 32, 40, 48, -1])
(12, 393, 60, [1, 2, 3, 4, 5, 6, 0], [0, 8, 16, 24, 32, 40, -1], [8, 16, 24, 32, 40, 48, -1])
(13, 1050, 397, [1, 2, 3, 4, 5, 6, 0], [0, 8, 16, 24, 32, 40, -1], [8, 16, 24, 32, 40, 48, -1])
(14, 1169, 421, [1, 2, 3, 4, 5, 6, 0], [0, 8, 16, 24, 32, 40, -1], [8, 16, 24, 32, 40, 48, -1])
(15, 401, 109, [1, 2, 3, 4, 5, 6, 0], [0, 8, 16, 24, 32, 40, -1], [8, 16, 24, 32, 40, 48, -1])
(16, 374, 114, [1, 2, 3, 4, 5, 6, 0], [0, 8, 16, 24, 32, 40, -1], [8, 16, 24, 32, 40, 48, -1])
(17, 419, 148, [1, 2, 3, 4, 5, 6, 0], [0, 8, 16, 24, 32, 40, -1], [8, 16, 24, 32, 40, 48, -1])
(18, 400, 89, [1, 2, 3, 4, 5, 6, 0], [0, 8, 16, 24, 32, 40, -1], [8, 16, 24, 32, 40, 48, -1])
(19, 413, 106, [1, 2, 3, 4, 5, 6, 0], [0, 8, 16, 24, 32, 40, -1], [8, 16, 24, 32, 40, 48, -1])
(20, 237, 126, [1, 2, 3, 4, 5, 6, 0], [0, 8, 16, 24, 32, 40, -1], [8, 16, 24, 32, 40, 48, -1])
(21, 1224, 433, [1, 2, 3, 4, 5, 6, 0], [0, 8, 16, 24, 32, 40, -1], [8, 16, 24, 32, 40, 48, -1])
(22, 181, 120, [1, 2, 3, 4, 5, 6, 0], [0, 8, 16, 24, 32, 40, -1], [8, 16, 24, 32, 40, 48, -1])
(23, 1103, 414, [1, 2, 3, 4, 5, 6, 0], [0, 8, 16, 24, 32, 40, -1], [8, 16, 24, 32, 40, 48, -1])
(24, 212, 183, [1, 2, 3, 4, 5, 6, 0], [0, 8, 16, 24, 32, 40, -1], [8, 16, 24, 32, 40, 48, -1])
(25, 405, 94, [1, 2, 3, 4, 5, 6, 0], [0, 8, 16, 24, 32, 40, -1], [8, 16, 24, 32, 40, 48, -1])
(26, 209, 217, [1, 2, 3, 4, 5, 6, 0], [0, 8, 16, 24, 32, 40, -1], [8, 16, 24, 32, 40, 48, -1])
(27, 1316, 135, [1, 2, 3, 4, 5, 6, 0], [0, 8, 16, 24, 32, 40, -1], [8, 16, 24, 32, 40, 48, -1])
(28, 1062, 415, [1, 2, 3, 4, 5, 6, 0], [0, 8, 16, 24, 32, 40, -1], [8, 16, 24, 32, 40, 48, -1])
(29, 1066, 415, [1, 2, 3, 4, 5, 6, 0], [0, 8, 16, 24, 32, 40, -1], [8, 16, 24, 32, 40, 48, -1])
(30, 1484, 88, [1, 2, 3, 4, 5, 6, 0], [0, 8, 16, 24, 32, 40, -1], [8, 16, 24, 32, 40, 48, -1])
(31, 409, 93, [1, 2, 3, 4, 5, 6, 0], [0, 8, 16, 24, 32, 40, -1], [8, 16, 24, 32, 40, 48, -1])
(32, 1092, 389, [1, 2, 3, 4, 5, 6, 0], [0, 8, 16, 24, 32, 40, -1], [8, 16, 24, 32, 40, 48, -1])
(33, 395, 83, [1, 2, 3, 4, 5, 6, 0], [0, 8, 16, 24, 32, 40, -1], [8, 16, 24, 32, 40, 48, -1])
(34, 203, 138, [1, 2, 3, 4, 5, 6, 0], [0, 8, 16, 24, 32, 40, -1], [8, 16, 24, 32, 40, 48, -1])
(35, 1149, 398, [1, 2, 3, 4, 5, 6, 0], [0, 8, 16, 24, 32, 40, -1], [8, 16, 24, 32, 40, 48, -1])
(36, 221, 48, [1, 2, 3, 4, 5, 6, 0], [0, 8, 16, 24, 32, 40, -1], [8, 16, 24, 32, 40, 48, -1])
(37, 378, 69, [1, 2, 3, 4, 5, 6, 0], [0, 8, 16, 24, 32, 40, -1], [8, 16, 24, 32, 40, 48, -1])
(38, 203, 217, [1, 2, 3, 4, 5, 6, 0], [0, 8, 16, 24, 32, 40, -1], [8, 16, 24, 32, 40, 48, -1])
(39, 1096, 398, [1, 2, 3, 4, 5, 6, 0], [0, 8, 16, 24, 32, 40, -1], [8, 16, 24, 32, 40, 48, -1])
(40, 440, 95, [1, 2, 3, 4, 5, 6, 0], [0, 8, 16, 24, 32, 40, -1], [8, 16, 24, 32, 40, 48, -1])
(41, 1077, 483, [1, 2, 3, 4, 5, 6, 0], [0, 8, 16, 24, 32, 40, -1], [8, 16, 24, 32, 40, 48, -1])
(42, 167, 217, [1, 2, 3, 4, 5, 6, 0], [0, 8, 16, 24, 32, 40, -1], [8, 16, 24, 32, 40, 48, -1])
(43, 1041, 400, [1, 2, 3, 4, 5, 6, 0], [0, 8, 16, 24, 32, 40, -1], [8, 16, 24, 32, 40, 48, -1])
(44, 181, 257, [1, 2, 3, 4, 5, 6, 0], [0, 8, 16, 24, 32, 40, -1], [8, 16, 24, 32, 40, 48, -1])
(45, 1027, 396, [1, 2, 3, 4, 5, 6, 0], [0, 8, 16, 24, 32, 40, -1], [8, 16, 24, 32, 40, 48, -1])
(46, 1353, 156, [1, 2, 3, 4, 5, 6, 0], [0, 8, 16, 24, 32, 40, -1], [8, 16, 24, 32, 40, 48, -1])
(47, 407, 115, [1, 2, 3, 4, 5, 6, 0], [0, 8, 16, 24, 32, 40, -1], [8, 16, 24, 32, 40, 48, -1])
(48, 203, 162, [1, 2, 3, 4, 5, 6, 0], [0, 8, 16, 24, 32, 40, -1], [8, 16, 24, 32, 40, 48, -1])
(49, 1089, 525, [1, 2, 3, 4, 5, 6, 0], [0, 8, 16, 24, 32, 40, -1], [8, 16, 24, 32, 40, 48, -1])
(50, 109, 120, [1, 2, 3, 4, 5, 6, 0], [0, 8, 16, 24, 32, 40, -1], [8, 16, 24, 32, 40, 48, -1])
(51, 1316, 125, [1, 2, 3, 4, 5, 6, 0], [0, 8, 16, 24, 32, 40, -1], [8, 16, 24, 32, 40, 48, -1])
(52, 408, 96, [1, 2, 3, 4, 5, 6, 0], [0, 8, 16, 24, 32, 40, -1], [8, 16, 24, 32, 40, 48, -1])
(53, 1245, 384, [1, 2, 3, 4, 5, 6, 0], [0, 8, 16, 24, 32, 40, -1], [8, 16, 24, 32, 40, 48, -1])
(54, 397, 127, [1, 2, 3, 4, 5, 6, 0], [0, 8, 16, 24, 32, 40, -1], [8, 16, 24, 32, 40, 48, -1])
(55, 381, 76, [1, 2, 3, 4, 5, 6, 0], [0, 8, 16, 24, 32, 40, -1], [8, 16, 24, 32, 40, 48, -1])
(56, 395, 101, [1, 2, 3, 4, 5, 6, 0], [0, 8, 16, 24, 32, 40, -1], [8, 16, 24, 32, 40, 48, -1])
(57, 1146, 605, [1, 2, 3, 4, 5, 6, 0], [0, 8, 16, 24, 32, 40, -1], [8, 16, 24, 32, 40, 48, -1])
(58, 794, 70, [1, 2, 3, 4, 5, 6, 0], [0, 8, 16, 24, 32, 40, -1], [8, 16, 24, 32, 40, 48, -1])
(59, 1117, 427, [1, 2, 3, 4, 5, 6, 0], [0, 8, 16, 24, 32, 40, -1], [8, 16, 24, 32, 40, 48, -1])
(60, 1064, 82, [1, 2, 3, 4, 5, 6, 0], [0, 8, 16, 24, 32, 40, -1], [8, 16, 24, 32, 40, 48, -1])
(61, 431, 115, [1, 2, 3, 4, 5, 6, 0], [0, 8, 16, 24, 32, 40, -1], [8, 16, 24, 32, 40, 48, -1])
(62, 476, 112, [1, 2, 3, 4, 5, 6, 0], [0, 8, 16, 24, 32, 40, -1], [8, 16, 24, 32, 40, 48, -1])
(63, 393, 88, [1, 2, 3, 4, 5, 6, 0], [0, 8, 16, 24, 32, 40, -1], [8, 16, 24, 32, 40, 48, -1])
(64, 392, 42, [1, 2, 3, 4, 5, 6, 0], [0, 8, 16, 24, 32, 40, -1], [8, 16, 24, 32, 40, 48, -1])
(65, 976, 40, [1, 2, 3, 4, 5, 6, 0], [0, 8, 16, 24, 32, 40, -1], [8, 16, 24, 32, 40, 48, -1])
(66, 1195, 507, [1, 2, 3, 4, 5, 6, 0], [0, 8, 16, 24, 32, 40, -1], [8, 16, 24, 32, 40, 48, -1])
(67, 1071, 395, [1, 2, 3, 4, 5, 6, 0], [0, 8, 16, 24, 32, 40, -1], [8, 16, 24, 32, 40, 48, -1])
(68, 120, 12, [1, 2, 3, 4, 5, 6, 0], [0, 8, 16, 24, 32, 40, -1], [8, 16, 24, 32, 40, 48, -1])
(69, 1147, 498, [1, 2, 3, 4, 5, 6, 0], [0, 8, 16, 24, 32, 40, -1], [8, 16, 24, 32, 40, 48, -1])
(70, 1189, 74, [1, 2, 3, 4, 5, 6, 0], [0, 8, 16, 24, 32, 40, -1], [8, 16, 24, 32, 40, 48, -1])
(71, 212, 217, [1, 2, 3, 4, 5, 6, 0], [0, 8, 16, 24, 32, 40, -1], [8, 16, 24, 32, 40, 48, -1])
(72, 194, 217, [1, 2, 3, 4, 5, 6, 0], [0, 8, 16, 24, 32, 40, -1], [8, 16, 24, 32, 40, 48, -1])
(73, 1082, 385, [1, 2, 3, 4, 5, 6, 0], [0, 8, 16, 24, 32, 40, -1], [8, 16, 24, 32, 40, 48, -1])
(74, 415, 119, [1, 2, 3, 4, 5, 6, 0], [0, 8, 16, 24, 32, 40, -1], [8, 16, 24, 32, 40, 48, -1])
(75, 405, 94, [1, 2, 3, 4, 5, 6, 0], [0, 8, 16, 24, 32, 40, -1], [8, 16, 24, 32, 40, 48, -1])
(76, 1316, 159, [1, 2, 3, 4, 5, 6, 0], [0, 8, 16, 24, 32, 40, -1], [8, 16, 24, 32, 40, 48, -1])
(77, 402, 113, [1, 2, 3, 4, 5, 6, 0], [0, 8, 16, 24, 32, 40, -1], [8, 16, 24, 32, 40, 48, -1])
(78, 381, 73, [1, 2, 3, 4, 5, 6, 0], [0, 8, 16, 24, 32, 40, -1], [8, 16, 24, 32, 40, 48, -1])
(79, 200, 205, [1, 2, 3, 4, 5, 6, 0], [0, 8, 16, 24, 32, 40, -1], [8, 16, 24, 32, 40, 48, -1])
(80, 394, 155, [1, 2, 3, 4, 5, 6, 0], [0, 8, 16, 24, 32, 40, -1], [8, 16, 24, 32, 40, 48, -1])
(81, 405, 85, [1, 2, 3, 4, 5, 6, 0], [0, 8, 16, 24, 32, 40, -1], [8, 16, 24, 32, 40, 48, -1])
(82, 1015, 409, [1, 2, 3, 4, 5, 6, 0], [0, 8, 16, 24, 32, 40, -1], [8, 16, 24, 32, 40, 48, -1])
(83, 997, 394, [1, 2, 3, 4, 5, 6, 0], [0, 8, 16, 24, 32, 40, -1], [8, 16, 24, 32, 40, 48, -1])
(84, 381, 71, [1, 2, 3, 4, 5, 6, 0], [0, 8, 16, 24, 32, 40, -1], [8, 16, 24, 32, 40, 48, -1])
(85, 400, 120, [1, 2, 3, 4, 5, 6, 0], [0, 8, 16, 24, 32, 40, -1], [8, 16, 24, 32, 40, 48, -1])
(86, 333, 18, [1, 2, 3, 4, 5, 6, 0], [0, 8, 16, 24, 32, 40, -1], [8, 16, 24, 32, 40, 48, -1])
(87, 1210, 380, [1, 2, 3, 4, 5, 6, 0], [0, 8, 16, 24, 32, 40, -1], [8, 16, 24, 32, 40, 48, -1])
(88, 200, 130, [1, 2, 3, 4, 5, 6, 0], [0, 8, 16, 24, 32, 40, -1], [8, 16, 24, 32, 40, 48, -1])
(89, 375, 96, [1, 2, 3, 4, 5, 6, 0], [0, 8, 16, 24, 32, 40, -1], [8, 16, 24, 32, 40, 48, -1])
(90, 374, 62, [1, 2, 3, 4, 5, 6, 0], [0, 8, 16, 24, 32, 40, -1], [8, 16, 24, 32, 40, 48, -1])
(91, 163, 157, [1, 2, 3, 4, 5, 6, 0], [0, 8, 16, 24, 32, 40, -1], [8, 16, 24, 32, 40, 48, -1])
(92, 375, 70, [1, 2, 3, 4, 5, 6, 0], [0, 8, 16, 24, 32, 40, -1], [8, 16, 24, 32, 40, 48, -1])
(93, 1029, 406, [1, 2, 3, 4, 5, 6, 0], [0, 8, 16, 24, 32, 40, -1], [8, 16, 24, 32, 40, 48, -1])
(94, 1010, 411, [1, 2, 3, 4, 5, 6, 0], [0, 8, 16, 24, 32, 40, -1], [8, 16, 24, 32, 40, 48, -1])
(95, 17, 81, [1, 2, 3, 4, 5, 6, 0], [0, 8, 16, 24, 32, 40, -1], [8, 16, 24, 32, 40, 48, -1])
(96, 1335, 570, [1, 2, 3, 4, 5, 6, 0], [0, 8, 16, 24, 32, 40, -1], [8, 16, 24, 32, 40, 48, -1])
(97, 420, 99, [1, 2, 3, 4, 5, 6, 0], [0, 8, 16, 24, 32, 40, -1], [8, 16, 24, 32, 40, 48, -1])
(98, 1019, 411, [1, 2, 3, 4, 5, 6, 0], [0, 8, 16, 24, 32, 40, -1], [8, 16, 24, 32, 40, 48, -1])
(99, 424, 114, [1, 2, 3, 4, 5, 6, 0], [0, 8, 16, 24, 32, 40, -1], [8, 16, 24, 32, 40, 48, -1])
(100, 1539, 94, [1, 2, 3, 4, 5, 6, 0], [0, 8, 16, 24, 32, 40, -1], [8, 16, 24, 32, 40, 48, -1])
(101, 1018, 429, [1, 2, 3, 4, 5, 6, 0], [0, 8, 16, 24, 32, 40, -1], [8, 16, 24, 32, 40, 48, -1])
(102, 379, 78, [1, 2, 3, 4, 5, 6, 0], [0, 8, 16, 24, 32, 40, -1], [8, 16, 24, 32, 40, 48, -1])
(103, 1033, 396, [1, 2, 3, 4, 5, 6, 0], [0, 8, 16, 24, 32, 40, -1], [8, 16, 24, 32, 40, 48, -1])
(104, 1999, 97, [1, 2, 3, 4, 5, 6, 0], [0, 8, 16, 24, 32, 40, -1], [8, 16, 24, 32, 40, 48, -1])
(105, 203, 217, [1, 2, 3, 4, 5, 6, 0], [0, 8, 16, 24, 32, 40, -1], [8, 16, 24, 32, 40, 48, -1])
(106, 1027, 414, [1, 2, 3, 4, 5, 6, 0], [0, 8, 16, 24, 32, 40, -1], [8, 16, 24, 32, 40, 48, -1])
(107, 1101, 391, [1, 2, 3, 4, 5, 6, 0], [0, 8, 16, 24, 32, 40, -1], [8, 16, 24, 32, 40, 48, -1])
(108, 1126, 447, [1, 2, 3, 4, 5, 6, 0], [0, 8, 16, 24, 32, 40, -1], [8, 16, 24, 32, 40, 48, -1])
(109, 210, 64, [1, 2, 3, 4, 5, 6, 0], [0, 8, 16, 24, 32, 40, -1], [8, 16, 24, 32, 40, 48, -1])
(110, 1189, 74, [1, 2, 3, 4, 5, 6, 0], [0, 8, 16, 24, 32, 40, -1], [8, 16, 24, 32, 40, 48, -1])
(111, 994, 392, [1, 2, 3, 4, 5, 6, 0], [0, 8, 16, 24, 32, 40, -1], [8, 16, 24, 32, 40, 48, -1])
(112, 1065, 411, [1, 2, 3, 4, 5, 6, 0], [0, 8, 16, 24, 32, 40, -1], [8, 16, 24, 32, 40, 48, -1])
(113, 1102, 612, [1, 2, 3, 4, 5, 6, 0], [0, 8, 16, 24, 32, 40, -1], [8, 16, 24, 32, 40, 48, -1])
(114, 181, 112, [1, 2, 3, 4, 5, 6, 0], [0, 8, 16, 24, 32, 40, -1], [8, 16, 24, 32, 40, 48, -1])
(115, 379, 48, [1, 2, 3, 4, 5, 6, 0], [0, 8, 16, 24, 32, 40, -1], [8, 16, 24, 32, 40, 48, -1])
(116, 1119, 413, [1, 2, 3, 4, 5, 6, 0], [0, 8, 16, 24, 32, 40, -1], [8, 16, 24, 32, 40, 48, -1])
(117, 1083, 409, [1, 2, 3, 4, 5, 6, 0], [0, 8, 16, 24, 32, 40, -1], [8, 16, 24, 32, 40, 48, -1])
(118, 181, 162, [1, 2, 3, 4, 5, 6, 0], [0, 8, 16, 24, 32, 40, -1], [8, 16, 24, 32, 40, 48, -1])
(119, 1317, 160, [1, 2, 3, 4, 5, 6, 0], [0, 8, 16, 24, 32, 40, -1], [8, 16, 24, 32, 40, 48, -1])
(120, 374, 76, [1, 2, 3, 4, 5, 6, 0], [0, 8, 16, 24, 32, 40, -1], [8, 16, 24, 32, 40, 48, -1])
(121, 401, 144, [1, 2, 3, 4, 5, 6, 0], [0, 8, 16, 24, 32, 40, -1], [8, 16, 24, 32, 40, 48, -1])
(122, 406, 165, [1, 2, 3, 4, 5, 6, 0], [0, 8, 16, 24, 32, 40, -1], [8, 16, 24, 32, 40, 48, -1])
(123, 1092, 720, [1, 2, 3, 4, 5, 6, 0], [0, 8, 16, 24, 32, 40, -1], [8, 16, 24, 32, 40, 48, -1])
(124, 1314, 232, [1, 2, 3, 4, 5, 6, 0], [0, 8, 16, 24, 32, 40, -1], [8, 16, 24, 32, 40, 48, -1])
(125, 1028, 55, [1, 2, 3, 4, 5, 6, 0], [0, 8, 16, 24, 32, 40, -1], [8, 16, 24, 32, 40, 48, -1])
(126, 396, 59, [1, 2, 3, 4, 5, 6, 0], [0, 8, 16, 24, 32, 40, -1], [8, 16, 24, 32, 40, 48, -1])
(127, 1126, 397, [1, 2, 3, 4, 5, 6, 0], [0, 8, 16, 24, 32, 40, -1], [8, 16, 24, 32, 40, 48, -1])
(128, 415, 142, [1, 2, 3, 4, 5, 6, 0], [0, 8, 16, 24, 32, 40, -1], [8, 16, 24, 32, 40, 48, -1])
(129, 1731, 109, [1, 2, 3, 4, 5, 6, 0], [0, 8, 16, 24, 32, 40, -1], [8, 16, 24, 32, 40, 48, -1])
(130, 806, 117, [1, 2, 3, 4, 5, 6, 0], [0, 8, 16, 24, 32, 40, -1], [8, 16, 24, 32, 40, 48, -1])
(131, 409, 143, [1, 2, 3, 4, 5, 6, 0], [0, 8, 16, 24, 32, 40, -1], [8, 16, 24, 32, 40, 48, -1])
(132, 1316, 207, [1, 2, 3, 4, 5, 6, 0], [0, 8, 16, 24, 32, 40, -1], [8, 16, 24, 32, 40, 48, -1])
(133, 1070, 521, [1, 2, 3, 4, 5, 6, 0], [0, 8, 16, 24, 32, 40, -1], [8, 16, 24, 32, 40, 48, -1])
(134, 181, 264, [1, 2, 3, 4, 5, 6, 0], [0, 8, 16, 24, 32, 40, -1], [8, 16, 24, 32, 40, 48, -1])
(135, 1094, 376, [1, 2, 3, 4, 5, 6, 0], [0, 8, 16, 24, 32, 40, -1], [8, 16, 24, 32, 40, 48, -1])
(136, 433, 87, [1, 2, 3, 4, 5, 6, 0], [0, 8, 16, 24, 32, 40, -1], [8, 16, 24, 32, 40, 48, -1])
(137, 405, 94, [1, 2, 3, 4, 5, 6, 0], [0, 8, 16, 24, 32, 40, -1], [8, 16, 24, 32, 40, 48, -1])
(138, 479, 75, [1, 2, 3, 4, 5, 6, 0], [0, 8, 16, 24, 32, 40, -1], [8, 16, 24, 32, 40, 48, -1])
(139, 449, 95, [1, 2, 3, 4, 5, 6, 0], [0, 8, 16, 24, 32, 40, -1], [8, 16, 24, 32, 40, 48, -1])
(140, 1073, 411, [1, 2, 3, 4, 5, 6, 0], [0, 8, 16, 24, 32, 40, -1], [8, 16, 24, 32, 40, 48, -1])
(141, 1061, 415, [1, 2, 3, 4, 5, 6, 0], [0, 8, 16, 24, 32, 40, -1], [8, 16, 24, 32, 40, 48, -1])
(142, 459, 387, [1, 2, 3, 4, 5, 6, 0], [0, 8, 16, 24, 32, 40, -1], [8, 16, 24, 32, 40, 48, -1])
(143, 383, 57, [1, 2, 3, 4, 5, 6, 0], [0, 8, 16, 24, 32, 40, -1], [8, 16, 24, 32, 40, 48, -1])
(144, 1163, 418, [1, 2, 3, 4, 5, 6, 0], [0, 8, 16, 24, 32, 40, -1], [8, 16, 24, 32, 40, 48, -1])
(145, 1130, 396, [1, 2, 3, 4, 5, 6, 0], [0, 8, 16, 24, 32, 40, -1], [8, 16, 24, 32, 40, 48, -1])
(146, 1044, 462, [1, 2, 3, 4, 5, 6, 0], [0, 8, 16, 24, 32, 40, -1], [8, 16, 24, 32, 40, 48, -1])
(147, 428, 101, [1, 2, 3, 4, 5, 6, 0], [0, 8, 16, 24, 32, 40, -1], [8, 16, 24, 32, 40, 48, -1])
(148, 422, 111, [1, 2, 3, 4, 5, 6, 0], [0, 8, 16, 24, 32, 40, -1], [8, 16, 24, 32, 40, 48, -1])
(149, 984, 429, [1, 2, 3, 4, 5, 6, 0], [0, 8, 16, 24, 32, 40, -1], [8, 16, 24, 32, 40, 48, -1])
(150, 171, 217, [1, 2, 3, 4, 5, 6, 0], [0, 8, 16, 24, 32, 40, -1], [8, 16, 24, 32, 40, 48, -1])
(151, 1057, 440, [1, 2, 3, 4, 5, 6, 0], [0, 8, 16, 24, 32, 40, -1], [8, 16, 24, 32, 40, 48, -1])
(152, 91, 24, [1, 2, 3, 4, 5, 6, 0], [0, 8, 16, 24, 32, 40, -1], [8, 16, 24, 32, 40, 48, -1])
(153, 974, 375, [1, 2, 3, 4, 5, 6, 0], [0, 8, 16, 24, 32, 40, -1], [8, 16, 24, 32, 40, 48, -1])
(154, 1036, 395, [1, 2, 3, 4, 5, 6, 0], [0, 8, 16, 24, 32, 40, -1], [8, 16, 24, 32, 40, 48, -1])
(155, 1548, 90, [1, 2, 3, 4, 5, 6, 0], [0, 8, 16, 24, 32, 40, -1], [8, 16, 24, 32, 40, 48, -1])
(156, 945, 388, [1, 2, 3, 4, 5, 6, 0], [0, 8, 16, 24, 32, 40, -1], [8, 16, 24, 32, 40, 48, -1])
(157, 1105, 399, [1, 2, 3, 4, 5, 6, 0], [0, 8, 16, 24, 32, 40, -1], [8, 16, 24, 32, 40, 48, -1])
(158, 389, 92, [1, 2, 3, 4, 5, 6, 0], [0, 8, 16, 24, 32, 40, -1], [8, 16, 24, 32, 40, 48, -1])
(159, 200, 167, [1, 2, 3, 4, 5, 6, 0], [0, 8, 16, 24, 32, 40, -1], [8, 16, 24, 32, 40, 48, -1])
(160, 1022, 443, [1, 2, 3, 4, 5, 6, 0], [0, 8, 16, 24, 32, 40, -1], [8, 16, 24, 32, 40, 48, -1])
(161, 952, 82, [1, 2, 3, 4, 5, 6, 0], [0, 8, 16, 24, 32, 40, -1], [8, 16, 24, 32, 40, 48, -1])
(162, 404, 145, [1, 2, 3, 4, 5, 6, 0], [0, 8, 16, 24, 32, 40, -1], [8, 16, 24, 32, 40, 48, -1])
(163, 396, 110, [1, 2, 3, 4, 5, 6, 0], [0, 8, 16, 24, 32, 40, -1], [8, 16, 24, 32, 40, 48, -1])
(164, 404, 83, [1, 2, 3, 4, 5, 6, 0], [0, 8, 16, 24, 32, 40, -1], [8, 16, 24, 32, 40, 48, -1])
(165, 395, 97, [1, 2, 3, 4, 5, 6, 0], [0, 8, 16, 24, 32, 40, -1], [8, 16, 24, 32, 40, 48, -1])
(166, 389, 126, [1, 2, 3, 4, 5, 6, 0], [0, 8, 16, 24, 32, 40, -1], [8, 16, 24, 32, 40, 48, -1])
(167, 405, 93, [1, 2, 3, 4, 5, 6, 0], [0, 8, 16, 24, 32, 40, -1], [8, 16, 24, 32, 40, 48, -1])
(168, 1043, 396, [1, 2, 3, 4, 5, 6, 0], [0, 8, 16, 24, 32, 40, -1], [8, 16, 24, 32, 40, 48, -1])
(169, 993, 401, [1, 2, 3, 4, 5, 6, 0], [0, 8, 16, 24, 32, 40, -1], [8, 16, 24, 32, 40, 48, -1])
(170, 1755, 91, [1, 2, 3, 4, 5, 6, 0], [0, 8, 16, 24, 32, 40, -1], [8, 16, 24, 32, 40, 48, -1])
(171, 924, 74, [1, 2, 3, 4, 5, 6, 0], [0, 8, 16, 24, 32, 40, -1], [8, 16, 24, 32, 40, 48, -1])
(172, 203, 217, [1, 2, 3, 4, 5, 6, 0], [0, 8, 16, 24, 32, 40, -1], [8, 16, 24, 32, 40, 48, -1])
(173, 1513, 36, [1, 2, 3, 4, 5, 6, 0], [0, 8, 16, 24, 32, 40, -1], [8, 16, 24, 32, 40, 48, -1])
(174, 185, 138, [1, 2, 3, 4, 5, 6, 0], [0, 8, 16, 24, 32, 40, -1], [8, 16, 24, 32, 40, 48, -1])
(175, 1028, 411, [1, 2, 3, 4, 5, 6, 0], [0, 8, 16, 24, 32, 40, -1], [8, 16, 24, 32, 40, 48, -1])
(176, 1039, 417, [1, 2, 3, 4, 5, 6, 0], [0, 8, 16, 24, 32, 40, -1], [8, 16, 24, 32, 40, 48, -1])
(177, 874, 404, [1, 2, 3, 4, 5, 6, 0], [0, 8, 16, 24, 32, 40, -1], [8, 16, 24, 32, 40, 48, -1])
(178, 1019, 396, [1, 2, 3, 4, 5, 6, 0], [0, 8, 16, 24, 32, 40, -1], [8, 16, 24, 32, 40, 48, -1])
(179, 1127, 63, [1, 2, 3, 4, 5, 6, 0], [0, 8, 16, 24, 32, 40, -1], [8, 16, 24, 32, 40, 48, -1])
(180, 1053, 446, [1, 2, 3, 4, 5, 6, 0], [0, 8, 16, 24, 32, 40, -1], [8, 16, 24, 32, 40, 48, -1])
(181, 391, 86, [1, 2, 3, 4, 5, 6, 0], [0, 8, 16, 24, 32, 40, -1], [8, 16, 24, 32, 40, 48, -1])
(182, 194, 217, [1, 2, 3, 4, 5, 6, 0], [0, 8, 16, 24, 32, 40, -1], [8, 16, 24, 32, 40, 48, -1])
(183, 1000, 414, [1, 2, 3, 4, 5, 6, 0], [0, 8, 16, 24, 32, 40, -1], [8, 16, 24, 32, 40, 48, -1])
(184, 1593, 109, [1, 2, 3, 4, 5, 6, 0], [0, 8, 16, 24, 32, 40, -1], [8, 16, 24, 32, 40, 48, -1])
(185, 1028, 411, [1, 2, 3, 4, 5, 6, 0], [0, 8, 16, 24, 32, 40, -1], [8, 16, 24, 32, 40, 48, -1])
(186, 1007, 395, [1, 2, 3, 4, 5, 6, 0], [0, 8, 16, 24, 32, 40, -1], [8, 16, 24, 32, 40, 48, -1])
(187, 787, 121, [1, 2, 3, 4, 5, 6, 0], [0, 8, 16, 24, 32, 40, -1], [8, 16, 24, 32, 40, 48, -1])
(188, 1050, 404, [1, 2, 3, 4, 5, 6, 0], [0, 8, 16, 24, 32, 40, -1], [8, 16, 24, 32, 40, 48, -1])
(189, 991, 108, [1, 2, 3, 4, 5, 6, 0], [0, 8, 16, 24, 32, 40, -1], [8, 16, 24, 32, 40, 48, -1])
(190, 1039, 390, [1, 2, 3, 4, 5, 6, 0], [0, 8, 16, 24, 32, 40, -1], [8, 16, 24, 32, 40, 48, -1])
(191, 203, 212, [1, 2, 3, 4, 5, 6, 0], [0, 8, 16, 24, 32, 40, -1], [8, 16, 24, 32, 40, 48, -1])
(192, 1023, 396, [1, 2, 3, 4, 5, 6, 0], [0, 8, 16, 24, 32, 40, -1], [8, 16, 24, 32, 40, 48, -1])
(193, 396, 83, [1, 2, 3, 4, 5, 6, 0], [0, 8, 16, 24, 32, 40, -1], [8, 16, 24, 32, 40, 48, -1])
(194, 375, 59, [1, 2, 3, 4, 5, 6, 0], [0, 8, 16, 24, 32, 40, -1], [8, 16, 24, 32, 40, 48, -1])
(195, 962, 429, [1, 2, 3, 4, 5, 6, 0], [0, 8, 16, 24, 32, 40, -1], [8, 16, 24, 32, 40, 48, -1])
(196, 1171, 388, [1, 2, 3, 4, 5, 6, 0], [0, 8, 16, 24, 32, 40, -1], [8, 16, 24, 32, 40, 48, -1])
(197, 879, 55, [1, 2, 3, 4, 5, 6, 0], [0, 8, 16, 24, 32, 40, -1], [8, 16, 24, 32, 40, 48, -1])
(198, 1085, 442, [1, 2, 3, 4, 5, 6, 0], [0, 8, 16, 24, 32, 40, -1], [8, 16, 24, 32, 40, 48, -1])
(199, 1058, 483, [1, 2, 3, 4, 5, 6, 0], [0, 8, 16, 24, 32, 40, -1], [8, 16, 24, 32, 40, 48, -1])
(200, 960, 395, [1, 2, 3, 4, 5, 6, 0], [0, 8, 16, 24, 32, 40, -1], [8, 16, 24, 32, 40, 48, -1])
(201, 1199, 108, [1, 2, 3, 4, 5, 6, 0], [0, 8, 16, 24, 32, 40, -1], [8, 16, 24, 32, 40, 48, -1])
(202, 1037, 419, [1, 2, 3, 4, 5, 6, 0], [0, 8, 16, 24, 32, 40, -1], [8, 16, 24, 32, 40, 48, -1])
(203, 1115, 413, [1, 2, 3, 4, 5, 6, 0], [0, 8, 16, 24, 32, 40, -1], [8, 16, 24, 32, 40, 48, -1])
(204, 977, 429, [1, 2, 3, 4, 5, 6, 0], [0, 8, 16, 24, 32, 40, -1], [8, 16, 24, 32, 40, 48, -1])
(205, 485, 91, [1, 2, 3, 4, 5, 6, 0], [0, 8, 16, 24, 32, 40, -1], [8, 16, 24, 32, 40, 48, -1])
(206, 1000, 414, [1, 2, 3, 4, 5, 6, 0], [0, 8, 16, 24, 32, 40, -1], [8, 16, 24, 32, 40, 48, -1])
(207, 1192, 646, [1, 2, 3, 4, 5, 6, 0], [0, 8, 16, 24, 32, 40, -1], [8, 16, 24, 32, 40, 48, -1])
(208, 203, 162, [1, 2, 3, 4, 5, 6, 0], [0, 8, 16, 24, 32, 40, -1], [8, 16, 24, 32, 40, 48, -1])
(209, 433, 84, [1, 2, 3, 4, 5, 6, 0], [0, 8, 16, 24, 32, 40, -1], [8, 16, 24, 32, 40, 48, -1])
(210, 1020, 414, [1, 2, 3, 4, 5, 6, 0], [0, 8, 16, 24, 32, 40, -1], [8, 16, 24, 32, 40, 48, -1])
(211, 1337, 38, [1, 2, 3, 4, 5, 6, 0], [0, 8, 16, 24, 32, 40, -1], [8, 16, 24, 32, 40, 48, -1])
(212, 996, 389, [1, 2, 3, 4, 5, 6, 0], [0, 8, 16, 24, 32, 40, -1], [8, 16, 24, 32, 40, 48, -1])
(213, 1171, 395, [1, 2, 3, 4, 5, 6, 0], [0, 8, 16, 24, 32, 40, -1], [8, 16, 24, 32, 40, 48, -1])
(214, 209, 183, [1, 2, 3, 4, 5, 6, 0], [0, 8, 16, 24, 32, 40, -1], [8, 16, 24, 32, 40, 48, -1])
(215, 380, 102, [1, 2, 3, 4, 5, 6, 0], [0, 8, 16, 24, 32, 40, -1], [8, 16, 24, 32, 40, 48, -1])
(216, 181, 124, [1, 2, 3, 4, 5, 6, 0], [0, 8, 16, 24, 32, 40, -1], [8, 16, 24, 32, 40, 48, -1])
(217, 304, 18, [1, 2, 3, 4, 5, 6, 0], [0, 8, 16, 24, 32, 40, -1], [8, 16, 24, 32, 40, 48, -1])
(218, 1204, 460, [1, 2, 3, 4, 5, 6, 0], [0, 8, 16, 24, 32, 40, -1], [8, 16, 24, 32, 40, 48, -1])
(219, 406, 93, [1, 2, 3, 4, 5, 6, 0], [0, 8, 16, 24, 32, 40, -1], [8, 16, 24, 32, 40, 48, -1])
(220, 407, 134, [1, 2, 3, 4, 5, 6, 0], [0, 8, 16, 24, 32, 40, -1], [8, 16, 24, 32, 40, 48, -1])
(221, 403, 135, [1, 2, 3, 4, 5, 6, 0], [0, 8, 16, 24, 32, 40, -1], [8, 16, 24, 32, 40, 48, -1])
(222, 197, 217, [1, 2, 3, 4, 5, 6, 0], [0, 8, 16, 24, 32, 40, -1], [8, 16, 24, 32, 40, 48, -1])
(223, 1180, 427, [1, 2, 3, 4, 5, 6, 0], [0, 8, 16, 24, 32, 40, -1], [8, 16, 24, 32, 40, 48, -1])
(224, 1105, 422, [1, 2, 3, 4, 5, 6, 0], [0, 8, 16, 24, 32, 40, -1], [8, 16, 24, 32, 40, 48, -1])
(225, 206, 186, [1, 2, 3, 4, 5, 6, 0], [0, 8, 16, 24, 32, 40, -1], [8, 16, 24, 32, 40, 48, -1])
(226, 1143, 414, [1, 2, 3, 4, 5, 6, 0], [0, 8, 16, 24, 32, 40, -1], [8, 16, 24, 32, 40, 48, -1])
(227, 452, 101, [1, 2, 3, 4, 5, 6, 0], [0, 8, 16, 24, 32, 40, -1], [8, 16, 24, 32, 40, 48, -1])
(228, 1759, 66, [1, 2, 3, 4, 5, 6, 0], [0, 8, 16, 24, 32, 40, -1], [8, 16, 24, 32, 40, 48, -1])
(229, 120, 12, [1, 2, 3, 4, 5, 6, 0], [0, 8, 16, 24, 32, 40, -1], [8, 16, 24, 32, 40, 48, -1])
(230, 388, 81, [1, 2, 3, 4, 5, 6, 0], [0, 8, 16, 24, 32, 40, -1], [8, 16, 24, 32, 40, 48, -1])
(231, 409, 86, [1, 2, 3, 4, 5, 6, 0], [0, 8, 16, 24, 32, 40, -1], [8, 16, 24, 32, 40, 48, -1])
(232, 1016, 420, [1, 2, 3, 4, 5, 6, 0], [0, 8, 16, 24, 32, 40, -1], [8, 16, 24, 32, 40, 48, -1])
(233, 1314, 157, [1, 2, 3, 4, 5, 6, 0], [0, 8, 16, 24, 32, 40, -1], [8, 16, 24, 32, 40, 48, -1])
(234, 1011, 396, [1, 2, 3, 4, 5, 6, 0], [0, 8, 16, 24, 32, 40, -1], [8, 16, 24, 32, 40, 48, -1])
(235, 427, 129, [1, 2, 3, 4, 5, 6, 0], [0, 8, 16, 24, 32, 40, -1], [8, 16, 24, 32, 40, 48, -1])
(236, 389, 60, [1, 2, 3, 4, 5, 6, 0], [0, 8, 16, 24, 32, 40, -1], [8, 16, 24, 32, 40, 48, -1])
(237, 1093, 425, [1, 2, 3, 4, 5, 6, 0], [0, 8, 16, 24, 32, 40, -1], [8, 16, 24, 32, 40, 48, -1])
(238, 311, 18, [1, 2, 3, 4, 5, 6, 0], [0, 8, 16, 24, 32, 40, -1], [8, 16, 24, 32, 40, 48, -1])
(239, 1166, 401, [1, 2, 3, 4, 5, 6, 0], [0, 8, 16, 24, 32, 40, -1], [8, 16, 24, 32, 40, 48, -1])
(240, 1045, 418, [1, 2, 3, 4, 5, 6, 0], [0, 8, 16, 24, 32, 40, -1], [8, 16, 24, 32, 40, 48, -1])
(241, 403, 92, [1, 2, 3, 4, 5, 6, 0], [0, 8, 16, 24, 32, 40, -1], [8, 16, 24, 32, 40, 48, -1])
(242, 1787, 103, [1, 2, 3, 4, 5, 6, 0], [0, 8, 16, 24, 32, 40, -1], [8, 16, 24, 32, 40, 48, -1])
(243, 1152, 503, [1, 2, 3, 4, 5, 6, 0], [0, 8, 16, 24, 32, 40, -1], [8, 16, 24, 32, 40, 48, -1])
(244, 979, 622, [1, 2, 3, 4, 5, 6, 0], [0, 8, 16, 24, 32, 40, -1], [8, 16, 24, 32, 40, 48, -1])
(245, 1528, 451, [1, 2, 3, 4, 5, 6, 0], [0, 8, 16, 24, 32, 40, -1], [8, 16, 24, 32, 40, 48, -1])
(246, 1078, 396, [1, 2, 3, 4, 5, 6, 0], [0, 8, 16, 24, 32, 40, -1], [8, 16, 24, 32, 40, 48, -1])
(247, 42, 153, [1, 2, 3, 4, 5, 6, 0], [0, 8, 16, 24, 32, 40, -1], [8, 16, 24, 32, 40, 48, -1])
(248, 197, 87, [1, 2, 3, 4, 5, 6, 0], [0, 8, 16, 24, 32, 40, -1], [8, 16, 24, 32, 40, 48, -1])
(249, 384, 87, [1, 2, 3, 4, 5, 6, 0], [0, 8, 16, 24, 32, 40, -1], [8, 16, 24, 32, 40, 48, -1])
(250, 393, 71, [1, 2, 3, 4, 5, 6, 0], [0, 8, 16, 24, 32, 40, -1], [8, 16, 24, 32, 40, 48, -1])
(251, 1318, 191, [1, 2, 3, 4, 5, 6, 0], [0, 8, 16, 24, 32, 40, -1], [8, 16, 24, 32, 40, 48, -1])
(252, 390, 94, [1, 2, 3, 4, 5, 6, 0], [0, 8, 16, 24, 32, 40, -1], [8, 16, 24, 32, 40, 48, -1])
(253, 1127, 385, [1, 2, 3, 4, 5, 6, 0], [0, 8, 16, 24, 32, 40, -1], [8, 16, 24, 32, 40, 48, -1])
(254, 419, 159, [1, 2, 3, 4, 5, 6, 0], [0, 8, 16, 24, 32, 40, -1], [8, 16, 24, 32, 40, 48, -1])
(255, 1030, 388, [1, 2, 3, 4, 5, 6, 0], [0, 8, 16, 24, 32, 40, -1], [8, 16, 24, 32, 40, 48, -1])
(256, 396, 108, [1, 2, 3, 4, 5, 6, 0], [0, 8, 16, 24, 32, 40, -1], [8, 16, 24, 32, 40, 48, -1])
(257, 10, 147, [1, 2, 3, 4, 5, 6, 0], [0, 8, 16, 24, 32, 40, -1], [8, 16, 24, 32, 40, 48, -1])
(258, 197, 162, [1, 2, 3, 4, 5, 6, 0], [0, 8, 16, 24, 32, 40, -1], [8, 16, 24, 32, 40, 48, -1])
(259, 240, 86, [1, 2, 3, 4, 5, 6, 0], [0, 8, 16, 24, 32, 40, -1], [8, 16, 24, 32, 40, 48, -1])
(260, 1034, 403, [1, 2, 3, 4, 5, 6, 0], [0, 8, 16, 24, 32, 40, -1], [8, 16, 24, 32, 40, 48, -1])
(261, 1104, 462, [1, 2, 3, 4, 5, 6, 0], [0, 8, 16, 24, 32, 40, -1], [8, 16, 24, 32, 40, 48, -1])
(262, 1733, 66, [1, 2, 3, 4, 5, 6, 0], [0, 8, 16, 24, 32, 40, -1], [8, 16, 24, 32, 40, 48, -1])
(263, 403, 91, [1, 2, 3, 4, 5, 6, 0], [0, 8, 16, 24, 32, 40, -1], [8, 16, 24, 32, 40, 48, -1])
(264, 374, 77, [1, 2, 3, 4, 5, 6, 0], [0, 8, 16, 24, 32, 40, -1], [8, 16, 24, 32, 40, 48, -1])
(265, 885, 94, [1, 2, 3, 4, 5, 6, 0], [0, 8, 16, 24, 32, 40, -1], [8, 16, 24, 32, 40, 48, -1])
(266, 446, 83, [1, 2, 3, 4, 5, 6, 0], [0, 8, 16, 24, 32, 40, -1], [8, 16, 24, 32, 40, 48, -1])
(267, 375, 86, [1, 2, 3, 4, 5, 6, 0], [0, 8, 16, 24, 32, 40, -1], [8, 16, 24, 32, 40, 48, -1])
(268, 991, 452, [1, 2, 3, 4, 5, 6, 0], [0, 8, 16, 24, 32, 40, -1], [8, 16, 24, 32, 40, 48, -1])
(269, 237, 143, [1, 2, 3, 4, 5, 6, 0], [0, 8, 16, 24, 32, 40, -1], [8, 16, 24, 32, 40, 48, -1])
(270, 1022, 411, [1, 2, 3, 4, 5, 6, 0], [0, 8, 16, 24, 32, 40, -1], [8, 16, 24, 32, 40, 48, -1])
(271, 1022, 396, [1, 2, 3, 4, 5, 6, 0], [0, 8, 16, 24, 32, 40, -1], [8, 16, 24, 32, 40, 48, -1])
(272, 1087, 418, [1, 2, 3, 4, 5, 6, 0], [0, 8, 16, 24, 32, 40, -1], [8, 16, 24, 32, 40, 48, -1])
(273, 1089, 411, [1, 2, 3, 4, 5, 6, 0], [0, 8, 16, 24, 32, 40, -1], [8, 16, 24, 32, 40, 48, -1])
(274, 398, 93, [1, 2, 3, 4, 5, 6, 0], [0, 8, 16, 24, 32, 40, -1], [8, 16, 24, 32, 40, 48, -1])
(275, 1099, 414, [1, 2, 3, 4, 5, 6, 0], [0, 8, 16, 24, 32, 40, -1], [8, 16, 24, 32, 40, 48, -1])
(276, 1026, 389, [1, 2, 3, 4, 5, 6, 0], [0, 8, 16, 24, 32, 40, -1], [8, 16, 24, 32, 40, 48, -1])
(277, 421, 81, [1, 2, 3, 4, 5, 6, 0], [0, 8, 16, 24, 32, 40, -1], [8, 16, 24, 32, 40, 48, -1])
(278, 719, 113, [1, 2, 3, 4, 5, 6, 0], [0, 8, 16, 24, 32, 40, -1], [8, 16, 24, 32, 40, 48, -1])
(279, 412, 197, [1, 2, 3, 4, 5, 6, 0], [0, 8, 16, 24, 32, 40, -1], [8, 16, 24, 32, 40, 48, -1])
(280, 402, 141, [1, 2, 3, 4, 5, 6, 0], [0, 8, 16, 24, 32, 40, -1], [8, 16, 24, 32, 40, 48, -1])
(281, 209, 152, [1, 2, 3, 4, 5, 6, 0], [0, 8, 16, 24, 32, 40, -1], [8, 16, 24, 32, 40, 48, -1])
(282, 415, 83, [1, 2, 3, 4, 5, 6, 0], [0, 8, 16, 24, 32, 40, -1], [8, 16, 24, 32, 40, 48, -1])
(283, 252, 67, [1, 2, 3, 4, 5, 6, 0], [0, 8, 16, 24, 32, 40, -1], [8, 16, 24, 32, 40, 48, -1])
(284, 459, 225, [1, 2, 3, 4, 5, 6, 0], [0, 8, 16, 24, 32, 40, -1], [8, 16, 24, 32, 40, 48, -1])
(285, 1066, 393, [1, 2, 3, 4, 5, 6, 0], [0, 8, 16, 24, 32, 40, -1], [8, 16, 24, 32, 40, 48, -1])
(286, 404, 132, [1, 2, 3, 4, 5, 6, 0], [0, 8, 16, 24, 32, 40, -1], [8, 16, 24, 32, 40, 48, -1])
(287, 181, 169, [1, 2, 3, 4, 5, 6, 0], [0, 8, 16, 24, 32, 40, -1], [8, 16, 24, 32, 40, 48, -1])
(288, 1041, 992, [1, 2, 3, 4, 5, 6, 0], [0, 8, 16, 24, 32, 40, -1], [8, 16, 24, 32, 40, 48, -1])
(289, 1001, 474, [1, 2, 3, 4, 5, 6, 0], [0, 8, 16, 24, 32, 40, -1], [8, 16, 24, 32, 40, 48, -1])
(290, 791, 69, [1, 2, 3, 4, 5, 6, 0], [0, 8, 16, 24, 32, 40, -1], [8, 16, 24, 32, 40, 48, -1])
(291, 1239, 420, [1, 2, 3, 4, 5, 6, 0], [0, 8, 16, 24, 32, 40, -1], [8, 16, 24, 32, 40, 48, -1])
(292, 1094, 404, [1, 2, 3, 4, 5, 6, 0], [0, 8, 16, 24, 32, 40, -1], [8, 16, 24, 32, 40, 48, -1])
(293, 1129, 423, [1, 2, 3, 4, 5, 6, 0], [0, 8, 16, 24, 32, 40, -1], [8, 16, 24, 32, 40, 48, -1])
(294, 411, 90, [1, 2, 3, 4, 5, 6, 0], [0, 8, 16, 24, 32, 40, -1], [8, 16, 24, 32, 40, 48, -1])
(295, 1896, 68, [1, 2, 3, 4, 5, 6, 0], [0, 8, 16, 24, 32, 40, -1], [8, 16, 24, 32, 40, 48, -1])
(296, 450, 118, [1, 2, 3, 4, 5, 6, 0], [0, 8, 16, 24, 32, 40, -1], [8, 16, 24, 32, 40, 48, -1])
(297, 402, 101, [1, 2, 3, 4, 5, 6, 0], [0, 8, 16, 24, 32, 40, -1], [8, 16, 24, 32, 40, 48, -1])
(298, 1114, 408, [1, 2, 3, 4, 5, 6, 0], [0, 8, 16, 24, 32, 40, -1], [8, 16, 24, 32, 40, 48, -1])
(299, 375, 83, [1, 2, 3, 4, 5, 6, 0], [0, 8, 16, 24, 32, 40, -1], [8, 16, 24, 32, 40, 48, -1])
(300, 1318, 191, [1, 2, 3, 4, 5, 6, 0], [0, 8, 16, 24, 32, 40, -1], [8, 16, 24, 32, 40, 48, -1])
(301, 384, 111, [1, 2, 3, 4, 5, 6, 0], [0, 8, 16, 24, 32, 40, -1], [8, 16, 24, 32, 40, 48, -1])
(302, 1048, 379, [1, 2, 3, 4, 5, 6, 0], [0, 8, 16, 24, 32, 40, -1], [8, 16, 24, 32, 40, 48, -1])
(303, 381, 60, [1, 2, 3, 4, 5, 6, 0], [0, 8, 16, 24, 32, 40, -1], [8, 16, 24, 32, 40, 48, -1])
(304, 432, 63, [1, 2, 3, 4, 5, 6, 0], [0, 8, 16, 24, 32, 40, -1], [8, 16, 24, 32, 40, 48, -1])
(305, 381, 85, [1, 2, 3, 4, 5, 6, 0], [0, 8, 16, 24, 32, 40, -1], [8, 16, 24, 32, 40, 48, -1])
(306, 1961, 96, [1, 2, 3, 4, 5, 6, 0], [0, 8, 16, 24, 32, 40, -1], [8, 16, 24, 32, 40, 48, -1])
(307, 407, 103, [1, 2, 3, 4, 5, 6, 0], [0, 8, 16, 24, 32, 40, -1], [8, 16, 24, 32, 40, 48, -1])
(308, 407, 104, [1, 2, 3, 4, 5, 6, 0], [0, 8, 16, 24, 32, 40, -1], [8, 16, 24, 32, 40, 48, -1])
(309, 1125, 386, [1, 2, 3, 4, 5, 6, 0], [0, 8, 16, 24, 32, 40, -1], [8, 16, 24, 32, 40, 48, -1])
(310, 194, 217, [1, 2, 3, 4, 5, 6, 0], [0, 8, 16, 24, 32, 40, -1], [8, 16, 24, 32, 40, 48, -1])
(311, 379, 78, [1, 2, 3, 4, 5, 6, 0], [0, 8, 16, 24, 32, 40, -1], [8, 16, 24, 32, 40, 48, -1])
(312, 1125, 401, [1, 2, 3, 4, 5, 6, 0], [0, 8, 16, 24, 32, 40, -1], [8, 16, 24, 32, 40, 48, -1])
(313, 1185, 396, [1, 2, 3, 4, 5, 6, 0], [0, 8, 16, 24, 32, 40, -1], [8, 16, 24, 32, 40, 48, -1])
(314, 439, 39, [1, 2, 3, 4, 5, 6, 0], [0, 8, 16, 24, 32, 40, -1], [8, 16, 24, 32, 40, 48, -1])
(315, 1043, 386, [1, 2, 3, 4, 5, 6, 0], [0, 8, 16, 24, 32, 40, -1], [8, 16, 24, 32, 40, 48, -1])
(316, 996, 400, [1, 2, 3, 4, 5, 6, 0], [0, 8, 16, 24, 32, 40, -1], [8, 16, 24, 32, 40, 48, -1])
(317, 402, 86, [1, 2, 3, 4, 5, 6, 0], [0, 8, 16, 24, 32, 40, -1], [8, 16, 24, 32, 40, 48, -1])
(318, 990, 89, [1, 2, 3, 4, 5, 6, 0], [0, 8, 16, 24, 32, 40, -1], [8, 16, 24, 32, 40, 48, -1])
(319, 395, 76, [1, 2, 3, 4, 5, 6, 0], [0, 8, 16, 24, 32, 40, -1], [8, 16, 24, 32, 40, 48, -1])
(320, 200, 181, [1, 2, 3, 4, 5, 6, 0], [0, 8, 16, 24, 32, 40, -1], [8, 16, 24, 32, 40, 48, -1])
(321, 979, 374, [1, 2, 3, 4, 5, 6, 0], [0, 8, 16, 24, 32, 40, -1], [8, 16, 24, 32, 40, 48, -1])
(322, 399, 109, [1, 2, 3, 4, 5, 6, 0], [0, 8, 16, 24, 32, 40, -1], [8, 16, 24, 32, 40, 48, -1])
(323, 1044, 409, [1, 2, 3, 4, 5, 6, 0], [0, 8, 16, 24, 32, 40, -1], [8, 16, 24, 32, 40, 48, -1])
