(0, 420, 124, [1, 2, 3, 4, 0], [0, 10, 20, 30, -1], [10, 20, 30, 40, -1])
(1, 120, 12, [1, 2, 3, 4, 0], [0, 10, 20, 30, -1], [10, 20, 30, 40, -1])
(2, 388, 84, [1, 2, 3, 4, 0], [0, 10, 20, 30, -1], [10, 20, 30, 40, -1])
(3, 422, 144, [1, 2, 3, 4, 0], [0, 10, 20, 30, -1], [10, 20, 30, 40, -1])
(4, 1050, 397, [1, 2, 3, 4, 0], [0, 10, 20, 30, -1], [10, 20, 30, 40, -1])
(5, 401, 109, [1, 2, 3, 4, 0], [0, 10, 20, 30, -1], [10, 20, 30, 40, -1])
(6, 374, 114, [1, 2, 3, 4, 0], [0, 10, 20, 30, -1], [10, 20, 30, 40, -1])
(7, 413, 106, [1, 2, 3, 4, 0], [0, 10, 20, 30, -1], [10, 20, 30, 40, -1])
(8, 1103, 414, [1, 2, 3, 4, 0], [0, 10, 20, 30, -1], [10, 20, 30, 40, -1])
(9, 209, 217, [1, 2, 3, 4, 0], [0, 10, 20, 30, -1], [10, 20, 30, 40, -1])
(10, 1066, 415, [1, 2, 3, 4, 0], [0, 10, 20, 30, -1], [10, 20, 30, 40, -1])
(11, 409, 93, [1, 2, 3, 4, 0], [0, 10, 20, 30, -1], [10, 20, 30, 40, -1])
(12, 203, 138, [1, 2, 3, 4, 0], [0, 10, 20, 30, -1], [10, 20, 30, 40, -1])
(13, 1096, 398, [1, 2, 3, 4, 0], [0, 10, 20, 30, -1], [10, 20, 30, 40, -1])
(14, 440, 95, [1, 2, 3, 4, 0], [0, 10, 20, 30, -1], [10, 20, 30, 40, -1])
(15, 1041, 400, [1, 2, 3, 4, 0], [0, 10, 20, 30, -1], [10, 20, 30, 40, -1])
(16, 1353, 156, [1, 2, 3, 4, 0], [0, 10, 20, 30, -1], [10, 20, 30, 40, -1])
(17, 1089, 525, [1, 2, 3, 4, 0], [0, 10, 20, 30, -1], [10, 20, 30, 40, -1])
(18, 408, 96, [1, 2, 3, 4, 0], [0, 10, 20, 30, -1], [10, 20, 30, 40, -1])
(19, 381, 76, [1, 2, 3, 4, 0], [0, 10, 20, 30, -1], [10, 20, 30, 40, -1])
(20, 395, 101, [1, 2, 3, 4, 0], [0, 10, 20, 30, -1], [10, 20, 30, 40, -1])
(21, 1117, 427, [1, 2, 3, 4, 0], [0, 10, 20, 30, -1], [10, 20, 30, 40, -1])
(22, 476, 112, [1, 2, 3, 4, 0], [0, 10, 20, 30, -1], [10, 20, 30, 40, -1])
(23, 976, 40, [1, 2, 3, 4, 0], [0, 10, 20, 30, -1], [10, 20, 30, 40, -1])
(24, 1189, 74, [1, 2, 3, 4, 0], [0, 10, 20, 30, -1], [10, 20, 30, 40, -1])
(25, 1082, 385, [1, 2, 3, 4, 0], [0, 10, 20, 30, -1], [10, 20, 30, 40, -1])
(26, 405, 94, [1, 2, 3, 4, 0], [0, 10, 20, 30, -1], [10, 20, 30, 40, -1])
(27, 402, 113, [1, 2, 3, 4, 0], [0, 10, 20, 30, -1], [10, 20, 30, 40, -1])
(28, 200, 205, [1, 2, 3, 4, 0], [0, 10, 20, 30, -1], [10, 20, 30, 40, -1])
(29, 1015, 409, [1, 2, 3, 4, 0], [0, 10, 20, 30, -1], [10, 20, 30, 40, -1])
(30, 1210, 380, [1, 2, 3, 4, 0], [0, 10, 20, 30, -1], [10, 20, 30, 40, -1])
(31, 200, 130, [1, 2, 3, 4, 0], [0, 10, 20, 30, -1], [10, 20, 30, 40, -1])
(32, 375, 70, [1, 2, 3, 4, 0], [0, 10, 20, 30, -1], [10, 20, 30, 40, -1])
(33, 17, 81, [1, 2, 3, 4, 0], [0, 10, 20, 30, -1], [10, 20, 30, 40, -1])
(34, 424, 114, [1, 2, 3, 4, 0], [0, 10, 20, 30, -1], [10, 20, 30, 40, -1])
(35, 379, 78, [1, 2, 3, 4, 0], [0, 10, 20, 30, -1], [10, 20, 30, 40, -1])
(36, 1999, 97, [1, 2, 3, 4, 0], [0, 10, 20, 30, -1], [10, 20, 30, 40, -1])
(37, 1126, 447, [1, 2, 3, 4, 0], [0, 10, 20, 30, -1], [10, 20, 30, 40, -1])
(38, 210, 64, [1, 2, 3, 4, 0], [0, 10, 20, 30, -1], [10, 20, 30, 40, -1])
(39, 1065, 411, [1, 2, 3, 4, 0], [0, 10, 20, 30, -1], [10, 20, 30, 40, -1])
(40, 379, 48, [1, 2, 3, 4, 0], [0, 10, 20, 30, -1], [10, 20, 30, 40, -1])
(41, 181, 162, [1, 2, 3, 4, 0], [0, 10, 20, 30, -1], [10, 20, 30, 40, -1])
(42, 374, 76, [1, 2, 3, 4, 0], [0, 10, 20, 30, -1], [10, 20, 30, 40, -1])
(43, 1092, 720, [1, 2, 3, 4, 0], [0, 10, 20, 30, -1], [10, 20, 30, 40, -1])
(44, 1126, 397, [1, 2, 3, 4, 0], [0, 10, 20, 30, -1], [10, 20, 30, 40, -1])
(45, 409, 143, [1, 2, 3, 4, 0], [0, 10, 20, 30, -1], [10, 20, 30, 40, -1])
(46, 1094, 376, [1, 2, 3, 4, 0], [0, 10, 20, 30, -1], [10, 20, 30, 40, -1])
(47, 1073, 411, [1, 2, 3, 4, 0], [0, 10, 20, 30, -1], [10, 20, 30, 40, -1])
(48, 459, 387, [1, 2, 3, 4, 0], [0, 10, 20, 30, -1], [10, 20, 30, 40, -1])
(49, 1130, 396, [1, 2, 3, 4, 0], [0, 10, 20, 30, -1], [10, 20, 30, 40, -1])
(50, 422, 111, [1, 2, 3, 4, 0], [0, 10, 20, 30, -1], [10, 20, 30, 40, -1])
(51, 91, 24, [1, 2, 3, 4, 0], [0, 10, 20, 30, -1], [10, 20, 30, 40, -1])
(52, 1548, 90, [1, 2, 3, 4, 0], [0, 10, 20, 30, -1], [10, 20, 30, 40, -1])
(53, 200, 167, [1, 2, 3, 4, 0], [0, 10, 20, 30, -1], [10, 20, 30, 40, -1])
(54, 1022, 443, [1, 2, 3, 4, 0], [0, 10, 20, 30, -1], [10, 20, 30, 40, -1])
(55, 395, 97, [1, 2, 3, 4, 0], [0, 10, 20, 30, -1], [10, 20, 30, 40, -1])
(56, 1043, 396, [1, 2, 3, 4, 0], [0, 10, 20, 30, -1], [10, 20, 30, 40, -1])
(57, 924, 74, [1, 2, 3, 4, 0], [0, 10, 20, 30, -1], [10, 20, 30, 40, -1])
(58, 1028, 411, [1, 2, 3, 4, 0], [0, 10, 20, 30, -1], [10, 20, 30, 40, -1])
(59, 1019, 396, [1, 2, 3, 4, 0], [0, 10, 20, 30, -1], [10, 20, 30, 40, -1])
(60, 194, 217, [1, 2, 3, 4, 0], [0, 10, 20, 30, -1], [10, 20, 30, 40, -1])
(61, 1028, 411, [1, 2, 3, 4, 0], [0, 10, 20, 30, -1], [10, 20, 30, 40, -1])
(62, 1050, 404, [1, 2, 3, 4, 0], [0, 10, 20, 30, -1], [10, 20, 30, 40, -1])
(63, 1023, 396, [1, 2, 3, 4, 0], [0, 10, 20, 30, -1], [10, 20, 30, 40, -1])
(64, 962, 429, [1, 2, 3, 4, 0], [0, 10, 20, 30, -1], [10, 20, 30, 40, -1])
(65, 879, 55, [1, 2, 3, 4, 0], [0, 10, 20, 30, -1], [10, 20, 30, 40, -1])
(66, 1199, 108, [1, 2, 3, 4, 0], [0, 10, 20, 30, -1], [10, 20, 30, 40, -1])
(67, 977, 429, [1, 2, 3, 4, 0], [0, 10, 20, 30, -1], [10, 20, 30, 40, -1])
(68, 1000, 414, [1, 2, 3, 4, 0], [0, 10, 20, 30, -1], [10, 20, 30, 40, -1])
(69, 433, 84, [1, 2, 3, 4, 0], [0, 10, 20, 30, -1], [10, 20, 30, 40, -1])
(70, 1171, 395, [1, 2, 3, 4, 0], [0, 10, 20, 30, -1], [10, 20, 30, 40, -1])
(71, 380, 102, [1, 2, 3, 4, 0], [0, 10, 20, 30, -1], [10, 20, 30, 40, -1])
(72, 304, 18, [1, 2, 3, 4, 0], [0, 10, 20, 30, -1], [10, 20, 30, 40, -1])
(73, 403, 135, [1, 2, 3, 4, 0], [0, 10, 20, 30, -1], [10, 20, 30, 40, -1])
(74, 206, 186, [1, 2, 3, 4, 0], [0, 10, 20, 30, -1], [10, 20, 30, 40, -1])
(75, 120, 12, [1, 2, 3, 4, 0], [0, 10, 20, 30, -1], [10, 20, 30, 40, -1])
(76, 1016, 420, [1, 2, 3, 4, 0], [0, 10, 20, 30, -1], [10, 20, 30, 40, -1])
(77, 1314, 157, [1, 2, 3, 4, 0], [0, 10, 20, 30, -1], [10, 20, 30, 40, -1])
(78, 1093, 425, [1, 2, 3, 4, 0], [0, 10, 20, 30, -1], [10, 20, 30, 40, -1])
(79, 403, 92, [1, 2, 3, 4, 0], [0, 10, 20, 30, -1], [10, 20, 30, 40, -1])
(80, 1152, 503, [1, 2, 3, 4, 0], [0, 10, 20, 30, -1], [10, 20, 30, 40, -1])
(81, 979, 622, [1, 2, 3, 4, 0], [0, 10, 20, 30, -1], [10, 20, 30, 40, -1])
(82, 197, 87, [1, 2, 3, 4, 0], [0, 10, 20, 30, -1], [10, 20, 30, 40, -1])
(83, 1318, 191, [1, 2, 3, 4, 0], [0, 10, 20, 30, -1], [10, 20, 30, 40, -1])
(84, 1030, 388, [1, 2, 3, 4, 0], [0, 10, 20, 30, -1], [10, 20, 30, 40, -1])
(85, 240, 86, [1, 2, 3, 4, 0], [0, 10, 20, 30, -1], [10, 20, 30, 40, -1])
(86, 1733, 66, [1, 2, 3, 4, 0], [0, 10, 20, 30, -1], [10, 20, 30, 40, -1])
